Wave	PROMISSAO_Agua_1_vs_Agua_1	PROMISSAO_Amostra_P03_vs_Agua_1	PROMISSAO_Amostra_P19_vs_Agua_1	PROMISSAO_Amostra_P18_vs_Agua_1	PROMISSAO_Amostra_P11_vs_Agua_1	PROMISSAO_Amostra_P14_vs_Agua_1	PROMISSAO_Amostra_P14_vs_Agua_1.1	PROMISSAO_Agua_2_vs_Agua_1	PROMISSAO_Amostra_P13_vs_Agua_1A	PROMISSAO_Amostra_P12_vs_Agua_1A	PROMISSAO_Amostra_P01_vs_Agua_1A	PROMISSAO_Amostra_P07_vs_Agua_1A	PROMISSAO_Amostra_P22_vs_Agua_1A	PROMISSAO_Amostra_P08_vs_Agua_1A	PROMISSAO_Agua_5_vs_Agua_4
220	-9.8e-05	2.165474	2.157817	2.023725	2.102954	1.642552	1.642552	0.00179375	1.832776	1.804306	2.00007	2.020448	2.008701	2.010821	0.000371667
221	-0.000113	2.103209	2.099151	1.971354	2.044783	1.616713	1.616713	0.0017695	1.80323	1.765268	1.948619	1.972147	1.958369	1.962655	0.000347667
222	-8.6e-05	2.013375	2.013923	1.895667	1.960928	1.578934	1.578934	0.00175225	1.760157	1.708507	1.873762	1.901533	1.885059	1.892692	0.00033
223	-0.000105	1.928844	1.933668	1.824765	1.88269	1.542907	1.542907	0.001668	1.71911	1.655032	1.803378	1.835113	1.816281	1.827056	0.000315667
224	-5.8e-05	1.847932	1.856745	1.756655	1.808386	1.507952	1.507952	0.00165625	1.67866	1.604069	1.736295	1.771536	1.750572	1.764386	0.000296
225	-9.9e-05	1.771404	1.784003	1.691869	1.738312	1.474182	1.474182	0.00158525	1.638912	1.555841	1.673083	1.711823	1.688429	1.704717	0.000273667
226	-0.0001	1.700789	1.716903	1.631486	1.673534	1.441977	1.441977	0.00158525	1.600091	1.510575	1.613944	1.655788	1.63006	1.648773	0.000279
227	-0.000145	1.635282	1.654226	1.574899	1.612726	1.410989	1.410989	0.0015325	1.562025	1.46768	1.558408	1.602958	1.575162	1.595816	0.000256333
228	-0.000115	1.574572	1.596236	1.522155	1.555993	1.381382	1.381382	0.00151425	1.524654	1.427245	1.506446	1.553469	1.524119	1.546425	0.000226
229	-0.000111	1.518934	1.542977	1.473422	1.503791	1.353141	1.353141	0.001483	1.488223	1.389452	1.458102	1.507338	1.476955	1.500396	0.000225333
230	-0.000122	1.467296	1.493834	1.428298	1.455674	1.325756	1.325756	0.0014215	1.452653	1.353931	1.412701	1.464093	1.432985	1.457365	0.00027
231	-0.000105	1.419085	1.448171	1.386321	1.411214	1.299088	1.299088	0.00139575	1.417966	1.320215	1.369979	1.422912	1.391326	1.416871	0.000265333
232	-0.000111	1.373826	1.40523	1.346948	1.369659	1.273099	1.273099	0.00134825	1.383937	1.288342	1.329852	1.384083	1.352209	1.378837	0.000226333
233	-0.000105	1.332023	1.365608	1.310406	1.331466	1.248056	1.248056	0.00132275	1.351075	1.258317	1.292563	1.347802	1.315475	1.343168	0.000156667
234	-0.000124	1.293596	1.329228	1.276311	1.29637	1.224138	1.224138	0.00132375	1.31922	1.230089	1.257856	1.313909	1.281283	1.309646	0.000112
235	-0.000173	1.258233	1.295612	1.244343	1.263813	1.20108	1.20108	0.00128025	1.288567	1.203541	1.225732	1.282244	1.249258	1.278097	0.000105667
236	-0.000195	1.226061	1.26502	1.214854	1.233879	1.179246	1.179246	0.00128025	1.259239	1.17862	1.196165	1.252693	1.219652	1.248598	7.1e-05
237	-0.000204	1.196343	1.23661	1.187342	1.205901	1.158182	1.158182	0.00125375	1.231201	1.15505	1.168525	1.224962	1.192093	1.220911	0.000122
238	-0.000161	1.169084	1.210543	1.162121	1.180211	1.138112	1.138112	0.00127825	1.204916	1.13282	1.142916	1.199058	1.1666	1.195219	0.000125667
239	-0.000116	1.143903	1.186426	1.138851	1.156519	1.119	1.119	0.001257	1.180315	1.11194	1.119262	1.174927	1.142974	1.171521	0.000163667
240	-0.000103	1.120635	1.164024	1.11739	1.134728	1.10081	1.10081	0.00124975	1.157405	1.09246	1.09742	1.152535	1.121003	1.149602	0.000152
241	-4.7e-05	1.099153	1.143121	1.097383	1.114551	1.08352	1.08352	0.001279	1.135805	1.074288	1.077101	1.13153	1.100368	1.12913	0.00013
242	-6.7e-05	1.079182	1.123451	1.078594	1.095811	1.066988	1.066988	0.0012815	1.115446	1.057152	1.058066	1.11185	1.080911	1.109841	0.000120667
243	-9.8e-05	1.060615	1.104948	1.060976	1.07829	1.051296	1.051296	0.00124725	1.096203	1.041121	1.040452	1.093533	1.062833	1.091731	0.000126333
244	-0.000164	1.043137	1.087312	1.04427	1.061757	1.036305	1.036305	0.0011855	1.077995	1.02572	1.023785	1.076169	1.045785	1.074438	0.000134667
245	-0.000117	1.026783	1.070608	1.028445	1.046083	1.021988	1.021988	0.0011915	1.06059	1.011008	1.008012	1.059613	1.02972	1.057908	0.000169667
246	-0.000106	1.011255	1.054631	1.013488	1.031351	1.008239	1.008239	0.00118	1.044304	0.996969	0.993135	1.04383	1.014465	1.042348	0.000175
247	-8.2e-05	0.996607	1.039413	0.999398	1.017459	0.995159	0.995159	0.001156	1.029067	0.983743	0.97922	1.029005	1.000107	1.027753	0.000188333
248	-0.000129	0.982655	1.024868	0.98619	1.004527	0.982707	0.982707	0.00110825	1.015101	0.971341	0.966126	1.015066	0.98655	1.01415	0.000178
249	-9.5e-05	0.969555	1.011127	0.973773	0.992382	0.970988	0.970988	0.0011005	1.001929	0.959582	0.953828	1.00189	0.973781	1.001232	0.000167333
250	-0.00012	0.956972	0.997983	0.961899	0.980874	0.95971	0.95971	0.0010785	0.989435	0.948401	0.942129	0.989229	0.961534	0.988899	0.000158333
251	-0.000114	0.944974	0.98534	0.950425	0.969805	0.948924	0.948924	0.00106825	0.977447	0.93773	0.930994	0.977231	0.949884	0.97698	0.000167
252	-0.000169	0.933356	0.973118	0.939247	0.959109	0.93853	0.93853	0.00101775	0.965971	0.927449	0.920248	0.965674	0.938598	0.965584	0.000234
253	-0.000105	0.922394	0.96158	0.92856	0.94888	0.928656	0.928656	0.0010565	0.955118	0.917548	0.910026	0.954619	0.927884	0.954645	0.000230333
254	-8.4e-05	0.911806	0.950577	0.918221	0.938914	0.919054	0.919054	0.00105425	0.944664	0.907831	0.900132	0.94386	0.91757	0.944154	0.000239667
255	-1.9999999999999998e-05	0.901544	0.940276	0.908312	0.929338	0.909722	0.909722	0.001078	0.934782	0.898392	0.890617	0.933494	0.907644	0.933984	0.000203
256	-8.2e-05	0.891511	0.930483	0.898642	0.919995	0.900533	0.900533	0.001027	0.925206	0.889216	0.881353	0.923396	0.897938	0.924206	0.000221
257	-4.6e-05	0.881707	0.921266	0.889318	0.911052	0.891614	0.891614	0.00102275	0.915975	0.880334	0.872424	0.913555	0.888409	0.914706	0.000208667
258	-0.000102	0.87219	0.912509	0.880142	0.902276	0.882795	0.882795	0.001025	0.906943	0.87173	0.863662	0.903962	0.879122	0.905508	0.000187333
259	-4.9e-05	0.862825	0.904094	0.871095	0.893652	0.874248	0.874248	0.00102775	0.898136	0.863242	0.855157	0.894736	0.870146	0.896478	0.000192667
260	-0.0001	0.85362	0.895902	0.862037	0.884943	0.865828	0.865828	0.001016	0.889456	0.854815	0.846822	0.885691	0.861374	0.887537	0.000186333
261	-9.9e-05	0.844626	0.887791	0.85312	0.876287	0.857525	0.857525	0.00098725	0.880931	0.846354	0.838647	0.876729	0.852733	0.87864	0.000191333
262	-0.000171	0.835632	0.879665	0.844164	0.867494	0.849106	0.849106	0.0009895	0.87243	0.837872	0.830437	0.867716	0.844045	0.869776	0.00022
263	-0.00016	0.826739	0.871557	0.835369	0.858797	0.840676	0.840676	0.00099975	0.864041	0.829341	0.822156	0.858697	0.835407	0.861072	0.000245333
264	-0.00016	0.817667	0.863372	0.826434	0.849983	0.832147	0.832147	0.00098975	0.855596	0.820822	0.813837	0.849685	0.82676	0.852359	0.000247333
265	-0.000115	0.808582	0.855152	0.8174	0.841115	0.823514	0.823514	0.00098275	0.847032	0.812129	0.805462	0.840586	0.81801	0.843495	0.000219
266	-0.000107	0.799246	0.84664	0.808041	0.832046	0.814663	0.814663	0.00100325	0.838159	0.803281	0.796835	0.831342	0.808951	0.834345	0.000231
267	-6e-05	0.789699	0.837868	0.798403	0.82265	0.805605	0.805605	0.00103075	0.828956	0.794003	0.787867	0.821786	0.799632	0.824863	0.000254333
268	-9.4e-05	0.779963	0.828843	0.788541	0.813042	0.796378	0.796378	0.00104925	0.819683	0.784625	0.778715	0.812097	0.790165	0.815296	0.000271333
269	-0.000114	0.770108	0.81963	0.778507	0.803207	0.786904	0.786904	0.00103525	0.810242	0.774987	0.769473	0.802196	0.780556	0.805562	0.000275667
270	-0.000123	0.760027	0.810118	0.76829	0.793133	0.777203	0.777203	0.00102725	0.800575	0.765209	0.759912	0.792045	0.770619	0.795539	0.000229333
271	-8.5e-05	0.74957	0.800153	0.75773	0.78276	0.767127	0.767127	0.001003	0.790424	0.755024	0.749849	0.781424	0.760242	0.785129	0.000202667
272	-0.000146	0.738714	0.789858	0.746857	0.772126	0.756772	0.756772	0.00097125	0.7801	0.744645	0.7395	0.770539	0.749692	0.77446	0.000179667
273	-0.000171	0.727597	0.779296	0.735699	0.761323	0.746142	0.746142	0.00097325	0.769479	0.733952	0.728872	0.759319	0.738839	0.763463	0.000198333
274	-0.000167	0.716192	0.768437	0.724331	0.750245	0.735323	0.735323	0.000985	0.758657	0.723054	0.718035	0.74791	0.72773	0.752147	0.000168333
275	-0.000104	0.704635	0.757361	0.71278	0.739022	0.724351	0.724351	0.00098925	0.747572	0.711867	0.706828	0.736218	0.716298	0.740586	0.000160333
276	-0.000103	0.69285	0.745975	0.700981	0.727608	0.713157	0.713157	0.0009615	0.736355	0.700544	0.695436	0.724371	0.704663	0.728921	0.000136
277	-0.000106	0.680861	0.734394	0.689059	0.716094	0.70178	0.70178	0.000972	0.724993	0.688992	0.683729	0.712216	0.692789	0.717014	0.000164333
278	-8.9e-05	0.668514	0.722412	0.676791	0.704323	0.690101	0.690101	0.000965	0.713337	0.677304	0.671689	0.699732	0.680579	0.704696	0.000167333
279	-0.000113	0.655926	0.710042	0.664277	0.692286	0.678124	0.678124	0.000963	0.70136	0.665286	0.659289	0.686981	0.668033	0.691994	0.000145333
280	-0.000114	0.643092	0.697434	0.651492	0.680135	0.665985	0.665985	0.000931	0.689164	0.653173	0.646589	0.673936	0.655336	0.679028	0.000146333
281	-9.6e-05	0.630127	0.68481	0.638609	0.667885	0.653796	0.653796	0.00094675	0.676826	0.640823	0.63371	0.660719	0.642505	0.665905	0.000137
282	-8.5e-05	0.616843	0.671922	0.625481	0.655526	0.641513	0.641513	0.00094025	0.664272	0.628352	0.620529	0.647137	0.629428	0.652494	0.000153667
283	-9.2e-05	0.603516	0.658937	0.612372	0.64304	0.629144	0.629144	0.00093075	0.651647	0.615778	0.6073	0.633524	0.616161	0.639013	0.000137
284	-0.00013	0.589977	0.645632	0.599089	0.630438	0.616616	0.616616	0.0008915	0.63893	0.603073	0.593855	0.619732	0.602675	0.625354	0.000134
285	-0.000154	0.576654	0.632629	0.586047	0.618012	0.604152	0.604152	0.00088525	0.626381	0.590554	0.580509	0.606094	0.589341	0.611894	0.000111667
286	-0.000143	0.563267	0.619647	0.572844	0.6056	0.591645	0.591645	0.00090125	0.61368	0.577999	0.567017	0.592413	0.575933	0.598269	0.000102
287	-0.000134	0.550022	0.606734	0.559728	0.593313	0.579191	0.579191	0.00093225	0.600986	0.565535	0.553658	0.578736	0.562562	0.584606	8e-05
288	-6.2e-05	0.536793	0.593858	0.546619	0.581067	0.566921	0.566921	0.000959	0.588379	0.553075	0.54039	0.565183	0.549247	0.570977	7.53333e-05
289	-8.5e-05	0.523591	0.580928	0.533691	0.568954	0.554718	0.554718	0.00092775	0.575909	0.540635	0.527196	0.551602	0.536061	0.55748	5.03333e-05
290	-8.2e-05	0.510565	0.568122	0.520952	0.557019	0.542711	0.542711	0.0009065	0.563687	0.52837	0.51413	0.538335	0.523097	0.544238	4.36667e-05
291	-0.000154	0.497582	0.555137	0.508291	0.545088	0.530621	0.530621	0.000868	0.551446	0.516071	0.50104	0.525043	0.510074	0.530959	4.23333e-05
292	-0.000141	0.484771	0.542186	0.495645	0.533253	0.518662	0.518662	0.00089525	0.539299	0.50387	0.488022	0.511936	0.497114	0.517831	3.2e-05
293	-0.000131	0.472138	0.529336	0.483225	0.521537	0.506836	0.506836	0.00089125	0.527172	0.491804	0.475084	0.498873	0.484244	0.504713	2.8e-05
294	-9.6e-05	0.459858	0.516801	0.471069	0.510153	0.495351	0.495351	0.000907	0.515297	0.480028	0.462475	0.486123	0.471724	0.491971	4.66667e-05
295	-8.7e-05	0.448043	0.504657	0.459377	0.499133	0.484258	0.484258	0.000883	0.503784	0.468557	0.450376	0.473843	0.459662	0.479562	3.76667e-05
296	-8.5e-05	0.43653	0.492734	0.447925	0.488394	0.473488	0.473488	0.00087825	0.492615	0.457343	0.438593	0.461928	0.447992	0.467657	2.63333e-05
297	-0.000109	0.425397	0.481246	0.436908	0.477964	0.463068	0.463068	0.000865	0.481856	0.446438	0.427292	0.450481	0.436828	0.456169	2.7e-05
298	-0.000143	0.414582	0.470026	0.426238	0.467742	0.452962	0.452962	0.000882	0.471332	0.43587	0.416317	0.439341	0.425971	0.445016	3.96667e-05
299	-0.000165	0.40424	0.459328	0.416056	0.457884	0.443198	0.443198	0.00088275	0.461107	0.425562	0.405801	0.428741	0.415491	0.434329	4.06667e-05
300	-0.000143	0.394177	0.448833	0.406139	0.448279	0.433674	0.433674	0.0008725	0.451082	0.415547	0.39553	0.418429	0.405292	0.423884	1.86667e-05
301	-0.000106	0.384466	0.438541	0.396463	0.43892	0.424334	0.424334	0.000842	0.441336	0.40576	0.385528	0.408485	0.395387	0.413857	8.33333e-06
302	-9.7e-05	0.375067	0.428318	0.387044	0.42977	0.415192	0.415192	0.0008315	0.431913	0.396373	0.375904	0.398876	0.385901	0.404108	-3.3333299999999995e-06
303	-0.00011	0.366101	0.418244	0.378007	0.420917	0.406388	0.406388	0.00084575	0.422771	0.387294	0.366746	0.389763	0.376863	0.394805	-1.83333e-05
304	-0.000116	0.35739	0.40828	0.369301	0.412327	0.397887	0.397887	0.00082975	0.413875	0.378487	0.357923	0.380925	0.368131	0.385792	8.999999999999999e-06
305	-7.8e-05	0.349006	0.398402	0.360957	0.404071	0.389763	0.389763	0.000833	0.405293	0.369946	0.349412	0.372478	0.359779	0.377267	-1.4e-05
306	-2.2e-05	0.340941	0.388659	0.352946	0.396069	0.38189	0.38189	0.00079225	0.397033	0.361751	0.341221	0.364325	0.351688	0.369119	1.8666699999999995e-05
307	-1e-05	0.33323	0.37916	0.345274	0.388348	0.374286	0.374286	0.000806	0.389085	0.353879	0.333417	0.356585	0.343997	0.361363	-7.3333299999999984e-06
308	-7e-05	0.325751	0.369941	0.337736	0.380745	0.366785	0.366785	0.00076125	0.38133	0.346291	0.325963	0.349101	0.33652	0.353751	-1.06667e-05
309	-0.000129	0.318547	0.361086	0.3305	0.373386	0.359601	0.359601	0.00074925	0.373793	0.338939	0.318745	0.341882	0.329363	0.346474	-3.43333e-05
310	-0.000145	0.311698	0.352615	0.323538	0.366285	0.352625	0.352625	0.000717	0.366584	0.331889	0.311823	0.334976	0.322536	0.339447	-6.36667e-05
311	-0.000108	0.305096	0.344439	0.316919	0.359425	0.345942	0.345942	0.000719	0.359583	0.325035	0.305068	0.32822	0.315928	0.332693	-5.4e-05
312	-0.000108	0.298619	0.336501	0.310389	0.352689	0.339327	0.339327	0.0007345	0.352767	0.318387	0.298536	0.321738	0.309498	0.326075	-5.93333e-05
313	-9.9e-05	0.292139	0.328817	0.304	0.34601	0.332864	0.332864	0.0007325	0.345995	0.311885	0.292114	0.31529	0.303118	0.319584	-2.7666699999999997e-05
314	-0.000106	0.285771	0.321287	0.297598	0.339375	0.326404	0.326404	0.00071425	0.339292	0.3055	0.285822	0.309001	0.296803	0.31317	-2.73333e-05
315	-7.3e-05	0.279578	0.313972	0.291389	0.332848	0.32013	0.32013	0.000685	0.332746	0.2992	0.279658	0.302784	0.290652	0.306869	-6.03333e-05
316	-7.6e-05	0.273735	0.306822	0.285411	0.32656	0.314085	0.314085	0.000681	0.32646	0.29322	0.273823	0.296923	0.284805	0.300875	-0.000105333
317	-9e-05	0.267995	0.299717	0.279644	0.320415	0.308248	0.308248	0.0006615	0.32032	0.287381	0.268152	0.291217	0.2792	0.295039	-8.13333e-05
318	-8.8e-05	0.262415	0.292513	0.274009	0.314404	0.302495	0.302495	0.0006435	0.314325	0.281768	0.262626	0.285605	0.273703	0.289417	-9.1e-05
319	-8e-05	0.256819	0.285081	0.268445	0.308459	0.296769	0.296769	0.00058125	0.308444	0.276174	0.257102	0.280057	0.268217	0.283822	-5.73333e-05
320	-7.4e-05	0.251378	0.277606	0.263009	0.302601	0.291095	0.291095	0.00057375	0.302667	0.270718	0.251676	0.274568	0.26284	0.278388	-9e-05
321	-6.1e-05	0.246021	0.270187	0.257592	0.29691	0.285571	0.285571	0.00056625	0.297021	0.265427	0.246441	0.269253	0.257555	0.272986	-7e-05
322	-7.9e-05	0.2408	0.263093	0.252286	0.291296	0.280218	0.280218	0.000571	0.291439	0.260262	0.241343	0.26406	0.252487	0.267766	-0.000100667
323	-6.2e-05	0.235383	0.255933	0.246761	0.285517	0.274639	0.274639	0.0005675	0.285767	0.255013	0.236162	0.258775	0.247231	0.262214	-7.5e-05
324	-6.1e-05	0.230111	0.249242	0.241486	0.279784	0.269198	0.269198	0.00055575	0.280184	0.249796	0.231071	0.253604	0.242134	0.256787	-5.86667e-05
325	-8.5e-05	0.224946	0.24291	0.236295	0.27418	0.263808	0.263808	0.00051725	0.27474	0.244694	0.226089	0.248442	0.2371	0.251368	-2.0333299999999997e-05
326	-0.000103	0.220295	0.237452	0.23161	0.268985	0.258978	0.258978	0.0004845	0.269708	0.239938	0.221529	0.243686	0.232555	0.246592	-5.7e-05
327	-0.000124	0.215787	0.232324	0.227022	0.263926	0.25416	0.25416	0.000472	0.264827	0.235314	0.217065	0.239	0.228062	0.241998	-3.1e-05
328	-0.000106	0.211429	0.227489	0.222592	0.259035	0.249526	0.249526	0.00051025	0.26011	0.230857	0.212719	0.234481	0.223703	0.237617	-6.66667e-06
329	-9.5e-05	0.207162	0.22285	0.21824	0.254324	0.244952	0.244952	0.000542	0.255485	0.226483	0.208442	0.229982	0.219371	0.233265	5.36667e-05
330	-7.1e-05	0.202962	0.218353	0.213977	0.249713	0.240519	0.240519	0.00054725	0.25092	0.222215	0.204214	0.225523	0.215153	0.228905	4.16667e-05
331	-1.7e-05	0.198889	0.214013	0.209789	0.245169	0.236172	0.236172	0.00057675	0.246494	0.218031	0.200174	0.221161	0.211039	0.224667	1.43333e-05
332	-1.5e-05	0.194911	0.209806	0.205709	0.240713	0.231942	0.231942	0.00058125	0.242163	0.213951	0.196297	0.216972	0.207073	0.220547	-2.0000000000000005e-05
333	-4.9e-05	0.191075	0.205799	0.201775	0.236359	0.227807	0.227807	0.0005805	0.237901	0.209947	0.192516	0.212884	0.203206	0.216557	-1.93333e-05
334	-9e-05	0.187301	0.201843	0.197899	0.232052	0.223708	0.223708	0.000532	0.233674	0.206025	0.188764	0.208851	0.199412	0.212623	6.66667e-06
335	-0.000123	0.183606	0.19796	0.194138	0.227806	0.21967	0.21967	0.00049525	0.229593	0.202203	0.18508	0.204844	0.195659	0.208769	1.93333e-05
336	-0.000114	0.179915	0.194099	0.190357	0.223598	0.215683	0.215683	0.00049175	0.225686	0.198467	0.181505	0.200865	0.192022	0.205033	4.46667e-05
337	-0.000138	0.176351	0.190362	0.186687	0.219541	0.21182	0.21182	0.00050475	0.221805	0.194782	0.177955	0.196935	0.188405	0.201319	7.000000000000001e-06
338	-8.1e-05	0.172846	0.18672	0.183097	0.215577	0.208074	0.208074	0.00051575	0.217919	0.191173	0.17447	0.193043	0.184848	0.19764	-1.23333e-05
339	-7.1e-05	0.169405	0.183106	0.179536	0.211655	0.204362	0.204362	0.0005325	0.214014	0.187593	0.171027	0.189248	0.181319	0.193955	-3.23333e-05
340	-3.9e-05	0.165931	0.179504	0.176016	0.207711	0.200655	0.200655	0.000523	0.21015	0.184064	0.167643	0.185465	0.177833	0.190341	-3.36667e-05
341	-5.2e-05	0.162589	0.176035	0.172566	0.20391	0.197013	0.197013	0.000553	0.206435	0.18061	0.16432	0.181759	0.174466	0.186829	9.999999999999972e-07
342	-3.4e-05	0.159359	0.172648	0.169271	0.200221	0.193468	0.193468	0.00054175	0.202839	0.177254	0.161055	0.178134	0.171216	0.183448	-1.16667e-05
343	-4.5e-05	0.156211	0.169342	0.165997	0.196641	0.189963	0.189963	0.00055275	0.199333	0.17394	0.157919	0.17457	0.168042	0.180175	-4.66667e-06
344	-4.4e-05	0.153089	0.166057	0.162802	0.193042	0.186558	0.186558	0.00053325	0.195864	0.170638	0.154812	0.171059	0.164891	0.176927	-5.73333e-05
345	-1.2e-05	0.149983	0.16285	0.159629	0.189561	0.183201	0.183201	0.00054025	0.192409	0.167432	0.151735	0.16758	0.161678	0.173688	-3.53333e-05
346	3.8e-05	0.14692	0.159673	0.156539	0.186123	0.179915	0.179915	0.000549	0.18901	0.164283	0.148673	0.164208	0.158578	0.170449	-4.03333e-05
347	9.999999999999999e-06	0.143816	0.156473	0.15338	0.182662	0.176543	0.176543	0.00053	0.185642	0.161191	0.14563	0.160831	0.155461	0.167205	-1.96667e-05
348	-6.7e-05	0.140814	0.153337	0.150302	0.179206	0.173297	0.173297	0.00050475	0.182372	0.158109	0.142755	0.157606	0.152503	0.164087	-3.93333e-05
349	-7.7e-05	0.137904	0.150345	0.147326	0.175868	0.17014	0.17014	0.000502	0.179187	0.155086	0.139933	0.154433	0.14961	0.161073	-4.26667e-05
350	-7.2e-05	0.135151	0.147449	0.144469	0.172641	0.16713	0.16713	0.0005065	0.176032	0.152132	0.137193	0.151371	0.146786	0.15816	-1.6e-05
351	-3.7e-05	0.132411	0.144586	0.141636	0.169503	0.164063	0.164063	0.00050775	0.172957	0.149255	0.13444	0.148311	0.143994	0.1553	-6.333330000000001e-06
352	-6e-05	0.129719	0.141703	0.138863	0.166362	0.16106	0.16106	0.0004915	0.1699	0.146407	0.131725	0.145281	0.141206	0.152462	1.73333e-05
353	-4.6e-05	0.127022	0.138899	0.136107	0.163329	0.15807	0.15807	0.0005045	0.166928	0.143642	0.129063	0.142355	0.138529	0.149689	1.03333e-05
354	-5.8e-05	0.124393	0.136178	0.133421	0.160321	0.155225	0.155225	0.0005255	0.163976	0.140939	0.126514	0.139554	0.135883	0.146954	6.33333e-06
355	-4.8e-05	0.121874	0.133553	0.130785	0.157425	0.15246	0.15246	0.00054775	0.161103	0.138313	0.123996	0.136826	0.133312	0.144288	1.73333e-05
356	-7.7e-05	0.119414	0.130967	0.128224	0.154554	0.149769	0.149769	0.0005305	0.158315	0.135699	0.121542	0.134156	0.130781	0.141668	1.66667e-05
357	-0.000104	0.11702	0.128443	0.125738	0.151763	0.147083	0.147083	0.0004935	0.155589	0.133146	0.119103	0.131509	0.128347	0.13913	4.93333e-05
358	-0.000117	0.114639	0.126006	0.123314	0.14902	0.144477	0.144477	0.00047925	0.152968	0.130681	0.116785	0.128966	0.126001	0.13668	2.7e-05
359	-7.2e-05	0.112336	0.12362	0.120999	0.146336	0.141868	0.141868	0.00049775	0.150393	0.128318	0.114511	0.126485	0.123682	0.13435	2.56667e-05
360	-6.9e-05	0.110043	0.121251	0.118622	0.143685	0.139341	0.139341	0.0005225	0.147828	0.125926	0.112232	0.123989	0.121333	0.13198	-1.0000000000000006e-06
361	-5e-05	0.107804	0.118827	0.116264	0.141015	0.136747	0.136747	0.00054375	0.145205	0.123504	0.109914	0.121518	0.118951	0.129569	2.3333300000000006e-06
362	-8.6e-05	0.105529	0.116442	0.113842	0.138357	0.134247	0.134247	0.00052775	0.142562	0.121089	0.107589	0.119037	0.116569	0.127155	-4.33333e-06
363	-4.7e-05	0.103394	0.114136	0.111597	0.135786	0.131805	0.131805	0.00051825	0.140048	0.118807	0.10545	0.116715	0.114336	0.124859	-1.9e-05
364	-4.1e-05	0.101229	0.11194	0.109391	0.133319	0.129446	0.129446	0.00050875	0.137647	0.116553	0.103364	0.11442	0.112175	0.122651	-1.8e-05
365	-2.4e-05	0.099189	0.109794	0.107304	0.130909	0.127107	0.127107	0.0004685	0.135309	0.114369	0.101367	0.112243	0.110162	0.120511	-1.3e-05
366	-6e-06	0.097094	0.107674	0.10521	0.128544	0.124809	0.124809	0.0004705	0.133012	0.112214	0.099355	0.110094	0.108144	0.118453	-3.43333e-05
367	-5.4999999999999995e-05	0.095106	0.105533	0.10313	0.126145	0.122514	0.122514	0.0004325	0.130734	0.110152	0.097424	0.108015	0.106177	0.116477	-1.96667e-05
368	-6e-05	0.093103	0.103429	0.101091	0.123826	0.120266	0.120266	0.00045775	0.128494	0.108064	0.095496	0.105929	0.104155	0.114494	-3e-05
369	-6.1e-05	0.091243	0.101427	0.099113	0.121557	0.118056	0.118056	0.000465	0.126286	0.106031	0.093602	0.10389	0.10222	0.112615	-3.6666700000000013e-06
370	-2.2999999999999997e-05	0.089418	0.099552	0.097198	0.119422	0.115958	0.115958	0.000491	0.124111	0.104008	0.091737	0.101898	0.100308	0.110705	-2.4e-05
371	-3.2e-05	0.087647	0.097696	0.095306	0.117306	0.113901	0.113901	0.00049225	0.121987	0.102088	0.089946	0.099977	0.098487	0.108942	-3.93333e-05
372	-7.2e-05	0.085529	0.095485	0.093085	0.114776	0.111526	0.111526	0.00048425	0.119494	0.099828	0.087868	0.097793	0.096367	0.106299	-3.13333e-05
373	-8.3e-05	0.08342	0.093272	0.090905	0.112273	0.109114	0.109114	0.00047725	0.116986	0.097581	0.0858	0.095617	0.094252	0.103678	-3.66667e-05
374	-4.3e-05	0.081341	0.091106	0.08873	0.109767	0.106719	0.106719	0.00047475	0.114519	0.0953	0.083735	0.093435	0.092159	0.10096	-2.8e-05
375	-4.3e-05	0.079587	0.089276	0.086897	0.107723	0.104645	0.104645	0.00047775	0.11243	0.093357	0.081997	0.091573	0.090351	0.099099	-2.43333e-05
376	-3.9e-05	0.077839	0.087449	0.085055	0.105634	0.102622	0.102622	0.00046625	0.110436	0.091509	0.080309	0.089763	0.088645	0.097284	-2.73333e-05
377	-8.2e-05	0.076104	0.085633	0.083251	0.103595	0.100627	0.100627	0.0004595	0.108465	0.08971	0.078676	0.088017	0.086927	0.095537	-3.999999999999999e-06
378	-7.4e-05	0.074473	0.083909	0.081541	0.101599	0.098755	0.098755	0.000434	0.106534	0.087966	0.077058	0.086281	0.085295	0.093786	-1.7e-05
379	-0.000105	0.072851	0.082233	0.079885	0.099683	0.0969	0.0969	0.00042075	0.104607	0.086241	0.075503	0.084601	0.083662	0.092109	4.6666699999999985e-06
380	-6.5e-05	0.071362	0.08066	0.078267	0.097855	0.095139	0.095139	0.00043225	0.102759	0.084564	0.07397	0.082961	0.082127	0.090454	-1.7e-05
381	-6.9e-05	0.06982	0.079075	0.076683	0.096035	0.093356	0.093356	0.0004365	0.100951	0.082915	0.072501	0.081318	0.08061	0.08882	-2.7e-05
382	-5.9e-05	0.068346	0.077504	0.075099	0.094261	0.091647	0.091647	0.000426	0.099189	0.081278	0.07105	0.079748	0.079116	0.087239	-2.46667e-05
383	-8.4e-05	0.066854	0.075958	0.073577	0.092459	0.089922	0.089922	0.00041975	0.097402	0.079682	0.069633	0.078203	0.077624	0.085694	-3.66667e-05
384	-9.5e-05	0.065438	0.074467	0.072063	0.090719	0.088239	0.088239	0.00040775	0.095673	0.078096	0.068223	0.076744	0.076173	0.084208	-1.23333e-05
385	-0.000108	0.064043	0.073022	0.070637	0.089026	0.086571	0.086571	0.00040325	0.093982	0.076583	0.066865	0.075294	0.074764	0.082707	-1.53333e-05
386	-0.000111	0.062664	0.071593	0.06919	0.087361	0.084934	0.084934	0.00037825	0.09235	0.075079	0.065492	0.073845	0.073391	0.08124	-1.36667e-05
387	-0.000108	0.061312	0.070178	0.06778	0.085709	0.083339	0.083339	0.000368	0.090728	0.073647	0.064175	0.072451	0.072026	0.079818	-3.96667e-05
388	-0.000104	0.060023	0.068818	0.066395	0.084078	0.081788	0.081788	0.00038625	0.089138	0.072218	0.06286	0.071053	0.070726	0.078437	-5.56667e-05
389	-0.000114	0.058757	0.067453	0.065051	0.082502	0.080263	0.080263	0.000407	0.087541	0.070824	0.061628	0.06972	0.069436	0.077068	-4.33333e-05
390	-0.00015	0.05752	0.066109	0.063729	0.080969	0.078746	0.078746	0.00038675	0.085993	0.06942	0.06039	0.068359	0.068169	0.075694	-4.76667e-05
391	-0.000138	0.056351	0.064839	0.062432	0.079471	0.077259	0.077259	0.00036775	0.084469	0.06808	0.059189	0.067091	0.06693	0.074396	-2.46667e-05
392	-0.000122	0.055225	0.063631	0.061207	0.078056	0.075849	0.075849	0.00033925	0.083002	0.06674	0.058019	0.065824	0.065702	0.073139	-2.3e-05
393	-6.000000000000001e-05	0.054134	0.062478	0.060009	0.076647	0.074489	0.074489	0.00037725	0.081552	0.065508	0.056907	0.064628	0.064565	0.071934	-2.3e-05
394	-7.3e-05	0.052965	0.061251	0.058824	0.075228	0.073093	0.073093	0.0003705	0.080113	0.064198	0.055798	0.063369	0.063367	0.070679	-4.9e-05
395	-7e-05	0.051854	0.060063	0.057664	0.073847	0.071737	0.071737	0.000398	0.078712	0.062988	0.054715	0.062169	0.062294	0.069485	-7.5e-05
396	-5.8e-05	0.050769	0.05891	0.056527	0.072515	0.07041	0.07041	0.00040275	0.077341	0.061743	0.053648	0.060991	0.061176	0.068321	-4.3e-05
397	-2.0999999999999995e-05	0.049737	0.057822	0.055409	0.071219	0.069161	0.069161	0.00042175	0.076016	0.060589	0.052617	0.059884	0.060128	0.0672	-4.9e-05
398	2e-05	0.0487	0.05676	0.054333	0.069932	0.067909	0.067909	0.00043175	0.074697	0.059404	0.051615	0.05876	0.059027	0.066087	-2.3e-05
399	-1.0000000000000006e-06	0.047693	0.055707	0.053267	0.068667	0.066671	0.066671	0.000421	0.073377	0.058299	0.050634	0.057657	0.058001	0.064987	-5.4333300000000004e-05
400	-3e-06	0.046733	0.054682	0.052254	0.067437	0.065455	0.065455	0.00043075	0.072116	0.057195	0.049689	0.05657	0.057003	0.063942	-9.000000000000002e-06
401	-5.7e-05	0.04581	0.053664	0.051202	0.066212	0.064244	0.064244	0.00042	0.070915	0.056189	0.048779	0.05557	0.056034	0.06297	-2.03333e-05
402	-4.3e-05	0.044876	0.052673	0.050243	0.065021	0.063076	0.063076	0.00041075	0.069764	0.055134	0.047895	0.054565	0.055104	0.061981	-1.9e-05
403	-7.2e-05	0.043951	0.051691	0.049219	0.063836	0.061904	0.061904	0.0003715	0.068578	0.054143	0.047043	0.053586	0.054178	0.061015	-2.96667e-05
404	-5.6e-05	0.043082	0.050766	0.048323	0.062718	0.060791	0.060791	0.00035425	0.067395	0.053098	0.046134	0.052595	0.053297	0.05999	-2.03333e-05
405	-8.2e-05	0.042243	0.049861	0.047372	0.061621	0.059689	0.059689	0.0003425	0.066248	0.05213	0.04529	0.051671	0.052404	0.059033	7.66667e-06
406	-6.1e-05	0.041433	0.049005	0.046542	0.060587	0.058615	0.058615	0.000359	0.065149	0.051144	0.044425	0.050776	0.051548	0.058121	-6.333330000000001e-06
407	-7.5e-05	0.040567	0.048113	0.045625	0.059524	0.057552	0.057552	0.00035175	0.064075	0.050238	0.043659	0.0499	0.050735	0.057263	1.06667e-05
408	-4.1e-05	0.039777	0.047262	0.044765	0.058473	0.05651	0.05651	0.00036425	0.062954	0.049296	0.042822	0.048997	0.049858	0.056374	-1.1e-05
409	-3.5e-05	0.03902	0.046443	0.043907	0.057486	0.055551	0.055551	0.0003585	0.061885	0.048448	0.042066	0.048134	0.049047	0.055491	-9e-06
410	-4.3e-05	0.038286	0.045653	0.043111	0.056493	0.054585	0.054585	0.0003595	0.060843	0.047538	0.041276	0.047259	0.048189	0.054631	-4.23333e-05
411	-5.5e-05	0.037549	0.044876	0.042331	0.055559	0.053664	0.053664	0.00034525	0.059853	0.046681	0.040561	0.046441	0.047434	0.053805	-7.03333e-05
412	-6e-05	0.036806	0.044113	0.041568	0.054584	0.052724	0.052724	0.00034225	0.058841	0.045797	0.039811	0.045571	0.046655	0.052986	-8.36667e-05
413	-4e-05	0.036116	0.043353	0.040817	0.053665	0.051802	0.051802	0.00034425	0.057846	0.044997	0.039135	0.04479	0.045924	0.052168	-7.4e-05
414	-4.7e-05	0.035408	0.042597	0.040036	0.052693	0.050843	0.050843	0.00033975	0.056877	0.044164	0.038414	0.04397	0.045173	0.051379	-1.8333299999999996e-05
415	-4.6e-05	0.03475	0.041848	0.039297	0.051782	0.049939	0.049939	0.00035525	0.055958	0.04339	0.037744	0.043234	0.044469	0.050637	-2e-05
416	-3.8e-05	0.034093	0.04114	0.038565	0.05093	0.04905	0.04905	0.00035375	0.055031	0.042576	0.037068	0.042464	0.043774	0.049869	-5.333330000000001e-06
417	-4.6e-05	0.033432	0.040439	0.037875	0.050116	0.048203	0.048203	0.0003625	0.054135	0.041805	0.036429	0.041765	0.043094	0.04912	-3.5e-05
418	-5.2e-05	0.032781	0.03976	0.037175	0.049271	0.047328	0.047328	0.00034925	0.053229	0.041026	0.035806	0.041044	0.042395	0.048352	-4.1e-05
419	-5.9e-05	0.032137	0.039113	0.036509	0.048418	0.046508	0.046508	0.0003605	0.052367	0.040324	0.035211	0.040383	0.041732	0.047672	-6.76667e-05
420	-4.1e-05	0.031546	0.03847	0.035858	0.047589	0.045697	0.045697	0.00037825	0.051501	0.039611	0.034623	0.039687	0.041089	0.046977	-5.66667e-05
421	-2.1e-05	0.030941	0.037836	0.035229	0.046804	0.044922	0.044922	0.0003955	0.05065	0.03889	0.034008	0.039014	0.040443	0.046278	-3.7e-05
422	-3e-05	0.030335	0.037191	0.034583	0.045995	0.044105	0.044105	0.00037825	0.049805	0.038174	0.033383	0.038324	0.039825	0.045585	-3.06667e-05
423	-5.2e-05	0.029735	0.036549	0.03393	0.045208	0.043331	0.043331	0.00035325	0.048975	0.037497	0.032776	0.037659	0.039203	0.044909	-5.3e-05
424	-0.000106	0.029152	0.035891	0.033307	0.044431	0.042555	0.042555	0.00032275	0.048191	0.036848	0.032224	0.037031	0.038626	0.044281	-5.53333e-05
425	-9.2e-05	0.028645	0.035281	0.03271	0.043709	0.041835	0.041835	0.000335	0.047421	0.036198	0.031697	0.036405	0.038029	0.043623	-3.4e-05
426	-0.000105	0.02815	0.034692	0.03213	0.042974	0.041079	0.041079	0.000316	0.046671	0.035551	0.031175	0.035814	0.03745	0.043001	8.333329999999999e-06
427	-5.8e-05	0.027673	0.034169	0.031546	0.042301	0.040382	0.040382	0.00032925	0.045921	0.034903	0.030626	0.03518	0.036898	0.042347	3.3333299999999995e-06
428	-9.1e-05	0.027144	0.033601	0.030973	0.041584	0.039643	0.039643	0.00029625	0.045175	0.034256	0.030063	0.034569	0.036332	0.041732	-5.000000000000001e-06
429	-5.2e-05	0.026631	0.033082	0.030432	0.040953	0.038982	0.038982	0.000311	0.044444	0.033644	0.029541	0.033977	0.035788	0.041127	-4.23333e-05
430	-7.8e-05	0.026111	0.032516	0.029892	0.040222	0.038276	0.038276	0.0002825	0.043718	0.033053	0.029041	0.033422	0.035252	0.040551	-4.8e-05
431	-6.7e-05	0.02562	0.031999	0.029356	0.039584	0.037643	0.037643	0.000289	0.043032	0.032485	0.028579	0.032883	0.03475	0.039979	-4.16667e-05
432	-9.2e-05	0.025129	0.031464	0.028846	0.038887	0.036983	0.036983	0.00027475	0.042362	0.031944	0.028113	0.032331	0.034262	0.039457	-4.23333e-05
433	-6.9e-05	0.024679	0.03098	0.028335	0.038303	0.036371	0.036371	0.000305	0.041671	0.031383	0.027643	0.031795	0.033748	0.038918	-1.96667e-05
434	-7.5e-05	0.02423	0.030468	0.027843	0.037669	0.035723	0.035723	0.00031225	0.041006	0.030844	0.027168	0.031243	0.033288	0.038387	-4.03333e-05
435	-5.6e-05	0.023779	0.03	0.027331	0.037109	0.03512	0.03512	0.00032875	0.040345	0.0303	0.026708	0.030718	0.032792	0.037836	-2.2e-05
436	-6.2e-05	0.023347	0.029513	0.026865	0.036526	0.034517	0.034517	0.0003105	0.039756	0.029801	0.026276	0.030213	0.032356	0.037317	-1.8e-05
437	-4e-05	0.022926	0.029095	0.02638	0.035955	0.033964	0.033964	0.0003125	0.039127	0.029284	0.025878	0.029732	0.031884	0.036836	-5.666669999999999e-06
438	-5.2e-05	0.022515	0.028615	0.025937	0.03536	0.03341	0.03341	0.00031625	0.038539	0.02878	0.025476	0.029281	0.031459	0.036374	-6.666670000000005e-07
439	-2.9e-05	0.022122	0.028194	0.025493	0.034798	0.032839	0.032839	0.00034025	0.03793	0.028276	0.025077	0.0288	0.031018	0.035888	-1.46667e-05
440	-4.3e-05	0.021724	0.027724	0.025071	0.03424	0.032273	0.032273	0.000345	0.037332	0.027791	0.024665	0.028321	0.030562	0.035371	-1.86667e-05
441	-5.4e-05	0.021309	0.027313	0.024634	0.033703	0.031706	0.031706	0.00033675	0.036718	0.027327	0.024257	0.027839	0.030125	0.034853	-2.66667e-05
442	-7.3e-05	0.020892	0.026853	0.024229	0.033154	0.031173	0.031173	0.00031225	0.036145	0.026852	0.023862	0.027369	0.029704	0.034403	-4.3e-05
443	-9.9e-05	0.020483	0.026431	0.023796	0.032622	0.030643	0.030643	0.0002805	0.035598	0.026409	0.023468	0.026915	0.029302	0.033965	-4.333329999999997e-06
444	-0.000136	0.020127	0.025994	0.023376	0.032092	0.030125	0.030125	0.00026675	0.035081	0.025937	0.023099	0.026445	0.028892	0.033527	-5e-06
445	-0.000168	0.019749	0.025617	0.022916	0.031565	0.029608	0.029608	0.00025125	0.03454	0.025496	0.022717	0.026018	0.028443	0.033075	7.333330000000001e-06
446	-0.000152	0.019428	0.025233	0.02255	0.031111	0.02916	0.02916	0.0002705	0.034047	0.025056	0.022368	0.025606	0.028076	0.03266	-2.43333e-05
447	-0.000138	0.019076	0.024846	0.022174	0.030627	0.028677	0.028677	0.0002545	0.03354	0.024655	0.022005	0.025232	0.027714	0.03224	-2.2e-05
448	-0.000124	0.01877	0.024442	0.02183	0.030197	0.028244	0.028244	0.00025925	0.033042	0.02425	0.021681	0.024849	0.027399	0.03185	-1.83333e-05
449	-0.000117	0.018428	0.024073	0.021465	0.029724	0.027776	0.027776	0.0002495	0.032513	0.023871	0.021319	0.024469	0.027027	0.031454	-2.26667e-05
450	-9.2e-05	0.018146	0.023759	0.021127	0.029349	0.027381	0.027381	0.00026775	0.032027	0.023477	0.021006	0.024079	0.026671	0.031086	1.1666699999999998e-05
451	-9.5e-05	0.017833	0.023457	0.020781	0.028917	0.026936	0.026936	0.00026275	0.031555	0.023115	0.020677	0.023725	0.026322	0.030717	3.6e-05
452	-8.4e-05	0.017538	0.023134	0.020427	0.028506	0.026514	0.026514	0.000267	0.031114	0.022725	0.020388	0.023368	0.025971	0.030339	4.5e-05
453	-8.3e-05	0.017237	0.022801	0.020092	0.028041	0.026081	0.026081	0.0002475	0.030685	0.022337	0.020076	0.023023	0.025625	0.029981	-1.66667e-06
454	-5.4e-05	0.016968	0.022471	0.019772	0.027623	0.025711	0.025711	0.00025375	0.030281	0.021965	0.01981	0.022666	0.025295	0.029639	-3.9e-05
455	-7.4e-05	0.016672	0.022164	0.01945	0.027212	0.025308	0.025308	0.00022525	0.029877	0.021621	0.019508	0.022347	0.025008	0.029288	-4.83333e-05
456	-8.7e-05	0.016394	0.02187	0.019123	0.026855	0.024918	0.024918	0.00022325	0.029449	0.021304	0.019261	0.022022	0.024751	0.028944	-4.06667e-05
457	-0.000107	0.016101	0.021573	0.018809	0.026506	0.024542	0.024542	0.00020575	0.029026	0.02098	0.018966	0.021707	0.024465	0.028581	-3.06667e-05
458	-7.3e-05	0.01584	0.021288	0.01855	0.026151	0.024204	0.024204	0.000224	0.028638	0.020668	0.018714	0.021411	0.024182	0.02829	-2.5e-05
459	-5.9e-05	0.015556	0.020979	0.018273	0.025781	0.023851	0.023851	0.0002415	0.028261	0.020361	0.018429	0.021119	0.023898	0.027971	-3.1e-05
460	-4.7e-05	0.015307	0.020713	0.018005	0.025403	0.023486	0.023486	0.000258	0.027883	0.020067	0.018172	0.020818	0.023624	0.027658	-4.3e-05
461	-8.8e-05	0.015034	0.020383	0.017688	0.025033	0.023107	0.023107	0.000248	0.027482	0.01974	0.01791	0.02049	0.023321	0.027318	-6.06667e-05
462	-7.7e-05	0.01481	0.020133	0.017411	0.024663	0.022775	0.022775	0.0002545	0.0271	0.019443	0.017661	0.0202	0.023026	0.026997	-6.2e-05
463	-9.1e-05	0.014571	0.019843	0.017117	0.02432	0.022443	0.022443	0.000257	0.026758	0.019157	0.017434	0.019939	0.022776	0.026692	-4.13333e-05
464	-4.6e-05	0.014368	0.019634	0.016876	0.024013	0.022141	0.022141	0.00028125	0.02643	0.018894	0.017201	0.019685	0.022516	0.026361	-1.83333e-05
465	-6e-05	0.014089	0.019337	0.016611	0.023676	0.021795	0.021795	0.000257	0.026093	0.0186	0.016977	0.019408	0.022274	0.026058	-3.0000000000000018e-06
466	-5.1e-05	0.013841	0.01907	0.016353	0.023339	0.021463	0.021463	0.00023125	0.025704	0.018293	0.016706	0.01911	0.021982	0.025706	-1.56667e-05
467	-7.6e-05	0.013605	0.018792	0.016055	0.022995	0.021126	0.021126	0.00022	0.025304	0.018007	0.016451	0.018813	0.021718	0.025391	-3.13333e-05
468	-7.2e-05	0.0134	0.018562	0.015789	0.022685	0.020816	0.020816	0.000228	0.024913	0.01772	0.016192	0.018531	0.02144	0.025076	-3.4e-05
469	-6.2e-05	0.01317	0.018305	0.015529	0.022381	0.020521	0.020521	0.00025575	0.024578	0.017438	0.015956	0.01825	0.021171	0.024778	-7.333330000000002e-06
470	-5.9e-05	0.012956	0.018058	0.015318	0.022072	0.020193	0.020193	0.000257	0.024257	0.01717	0.015734	0.017989	0.020952	0.024507	3.3333299999999995e-06
471	-6.2e-05	0.012755	0.017813	0.015116	0.021774	0.019903	0.019903	0.0002645	0.023942	0.016911	0.015509	0.017732	0.020692	0.024201	1.33333e-06
472	-9.5e-05	0.012542	0.017574	0.014907	0.021446	0.019563	0.019563	0.000239	0.02363	0.016636	0.015297	0.017464	0.020465	0.023955	-2.43333e-05
473	-8.5e-05	0.01233	0.017345	0.014683	0.021154	0.019302	0.019302	0.00024125	0.02331	0.016369	0.015055	0.017216	0.020197	0.023675	-1.76667e-05
474	-0.000109	0.01211	0.017102	0.014425	0.020849	0.018995	0.018995	0.00022475	0.022993	0.016122	0.014831	0.01695	0.019975	0.023446	-1.36667e-05
475	-6.7e-05	0.011935	0.016922	0.014207	0.02059	0.018747	0.018747	0.00024725	0.022681	0.015926	0.014619	0.01673	0.019789	0.02322	6.999999999999999e-06
476	-6.7e-05	0.011746	0.016723	0.013987	0.020325	0.018461	0.018461	0.000238	0.022399	0.015695	0.014456	0.016501	0.019576	0.022974	6.66667e-06
477	-2.7e-05	0.011583	0.016531	0.013767	0.020066	0.018214	0.018214	0.000249	0.022138	0.015468	0.014281	0.016291	0.019375	0.022748	4.66667e-06
478	-8.2e-05	0.011366	0.016291	0.013504	0.019798	0.017922	0.017922	0.00022125	0.021865	0.015225	0.01411	0.016091	0.019146	0.022508	-1.8000000000000004e-05
479	-0.0001	0.011186	0.016095	0.013295	0.019532	0.017677	0.017677	0.00023025	0.021589	0.015002	0.013936	0.015902	0.018979	0.022324	-1.26667e-05
480	-0.000111	0.010994	0.01591	0.013125	0.019288	0.01742	0.01742	0.00022425	0.021317	0.01478	0.013749	0.0157	0.01879	0.022105	-2.7e-05
481	-9.4e-05	0.01084	0.015737	0.012982	0.019037	0.017218	0.017218	0.0002395	0.021049	0.014557	0.013558	0.015512	0.01861	0.021895	9.333330000000003e-06
482	-9.4e-05	0.010677	0.015535	0.01279	0.018793	0.016969	0.016969	0.0002365	0.020798	0.014342	0.013386	0.015292	0.018411	0.021692	-4.33333e-06
483	-9.2e-05	0.010535	0.015342	0.012616	0.018568	0.016764	0.016764	0.00024925	0.020549	0.014165	0.013246	0.015141	0.018246	0.021498	-3.66667e-06
484	-7.8e-05	0.010373	0.015171	0.012417	0.018353	0.016504	0.016504	0.0002405	0.020293	0.013938	0.013074	0.014883	0.018033	0.02127	-2.36667e-05
485	-6.2e-05	0.010227	0.015019	0.012238	0.018141	0.016274	0.016274	0.0002525	0.020039	0.013734	0.012901	0.014699	0.017865	0.021043	-2.76667e-05
486	-5.5e-05	0.010046	0.01484	0.012036	0.017901	0.016005	0.016005	0.000239	0.019777	0.013526	0.012731	0.014468	0.01769	0.020834	-6.333330000000001e-06
487	-4.4e-05	0.009894	0.014667	0.011884	0.017669	0.015797	0.015797	0.0002415	0.01958	0.013348	0.012598	0.014311	0.017564	0.020678	-1.36667e-05
488	-5e-05	0.009727	0.014471	0.011711	0.017443	0.015575	0.015575	0.000214	0.019352	0.013149	0.012418	0.014115	0.017369	0.020475	-9.33333e-06
489	-3.9e-05	0.009616	0.014338	0.011575	0.017273	0.015421	0.015421	0.000227	0.019156	0.01294	0.012241	0.013914	0.017193	0.020293	-2.56667e-05
490	-7.9e-05	0.00948	0.014156	0.011399	0.017056	0.015221	0.015221	0.00022725	0.018896	0.012786	0.012063	0.013735	0.017025	0.020077	-2.66667e-05
491	-6.5e-05	0.009358	0.014008	0.011243	0.016886	0.015043	0.015043	0.000235	0.018693	0.012625	0.01191	0.013564	0.01689	0.019932	-2.43333e-05
492	-8.4e-05	0.0092	0.013807	0.011052	0.016653	0.014819	0.014819	0.00022	0.01843	0.012457	0.011744	0.013398	0.016731	0.019736	-2.43333e-05
493	-4.1e-05	0.009067	0.01367	0.010893	0.016494	0.014641	0.014641	0.00023975	0.018274	0.012306	0.011635	0.013267	0.016605	0.019592	-6.333330000000001e-06
494	-6.4e-05	0.008914	0.013508	0.010748	0.016267	0.014437	0.014437	0.00023225	0.018064	0.012164	0.011508	0.013124	0.016456	0.019423	1.06667e-05
495	-7.7e-05	0.00877	0.013368	0.010588	0.016085	0.014244	0.014244	0.000228	0.017928	0.012024	0.011409	0.012985	0.016339	0.019304	2.5e-05
496	-0.00013	0.008606	0.013207	0.010423	0.01586	0.014045	0.014045	0.0001825	0.017671	0.011821	0.011237	0.012805	0.016158	0.019119	5.666669999999999e-06
497	-0.000122	0.008487	0.013087	0.010281	0.015698	0.013893	0.013893	0.0001905	0.017459	0.01164	0.011102	0.012646	0.01603	0.018916	-1.86667e-05
498	-0.000117	0.008393	0.012971	0.010169	0.015519	0.013745	0.013745	0.0001925	0.017231	0.011476	0.010974	0.012478	0.015853	0.018706	-4.5e-05
499	-7.9e-05	0.008317	0.01285	0.010062	0.015374	0.013612	0.013612	0.000227	0.017072	0.011338	0.010864	0.012344	0.015744	0.018547	-4.26667e-05
500	-8.9e-05	0.008191	0.012696	0.009934	0.015173	0.013454	0.013454	0.00020725	0.016894	0.011196	0.010726	0.012213	0.015595	0.018394	-2.86667e-05
501	-9.9e-05	0.008035	0.012524	0.009769	0.015005	0.013249	0.013249	0.000194	0.016727	0.01104	0.010599	0.0121	0.015504	0.018244	-2.36667e-05
502	-9e-05	0.007914	0.012384	0.009648	0.014849	0.013079	0.013079	0.00018175	0.016532	0.010908	0.010489	0.011953	0.015362	0.018076	-3.83333e-05
503	-7.7e-05	0.007816	0.012274	0.009511	0.014717	0.012907	0.012907	0.00019625	0.016353	0.010748	0.010394	0.011806	0.015218	0.017936	-5.4e-05
504	-4.5e-05	0.007731	0.01219	0.009436	0.014586	0.012794	0.012794	0.0002175	0.016182	0.010625	0.010294	0.011699	0.015097	0.017793	-4.7e-05
505	-2.9e-05	0.00764	0.012072	0.009319	0.014417	0.012645	0.012645	0.000221	0.016011	0.010462	0.010167	0.011571	0.01497	0.017643	-3.5e-05
506	-3.4e-05	0.007509	0.011949	0.009204	0.014232	0.012496	0.012496	0.00022125	0.015883	0.010364	0.010086	0.011459	0.014898	0.017508	-2.2e-05
507	-4.5e-05	0.00741	0.011825	0.009087	0.014048	0.012342	0.012342	0.00020925	0.015747	0.010223	0.00998	0.011331	0.014763	0.017368	-1.76667e-05
508	-7.7e-05	0.00729	0.01171	0.008977	0.013892	0.01219	0.01219	0.0002005	0.015635	0.010129	0.009916	0.011231	0.014647	0.017255	-2.46667e-05
509	-8.8e-05	0.0072	0.011577	0.008846	0.013758	0.012042	0.012042	0.0001765	0.015451	0.009977	0.009794	0.011116	0.014511	0.017123	-3.5e-05
510	-0.000105	0.007105	0.011476	0.008717	0.013624	0.011911	0.011911	0.000189	0.015296	0.009876	0.009695	0.010983	0.014393	0.017002	-4.56667e-05
511	-0.000131	0.006991	0.011349	0.008586	0.013462	0.011768	0.011768	0.000182	0.015125	0.009729	0.009568	0.010871	0.014285	0.016873	-2.8e-05
512	-0.000126	0.006876	0.011249	0.008477	0.013322	0.011638	0.011638	0.00018575	0.014984	0.009624	0.009464	0.010747	0.014168	0.016745	-3.96667e-05
513	-0.00012	0.006763	0.011107	0.008362	0.013172	0.011506	0.011506	0.0001565	0.014792	0.009457	0.009324	0.010617	0.014038	0.016575	-2.36667e-05
514	-9.2e-05	0.006692	0.011016	0.008263	0.013056	0.011381	0.011381	0.0001625	0.014642	0.009354	0.009228	0.010502	0.013934	0.016433	-3.3e-05
515	-9.5e-05	0.006626	0.010909	0.008182	0.012913	0.011248	0.011248	0.00016375	0.014512	0.009226	0.009109	0.01039	0.013805	0.016303	-1.2999999999999998e-05
516	-8.8e-05	0.006555	0.01085	0.008073	0.012785	0.011111	0.011111	0.0001785	0.014421	0.00916	0.009036	0.010314	0.013749	0.016218	-2.7e-05
517	-7.9e-05	0.006475	0.010754	0.007979	0.012668	0.010993	0.010993	0.00017375	0.01428	0.009042	0.008918	0.010188	0.013619	0.016085	-4e-05
518	-8.8e-05	0.006399	0.01065	0.007866	0.012546	0.010861	0.010861	0.00017575	0.014138	0.008935	0.008832	0.010087	0.01353	0.015946	-3.96667e-05
519	-9.6e-05	0.006324	0.010537	0.007794	0.012416	0.010746	0.010746	0.0001665	0.01395	0.008769	0.008707	0.009941	0.013359	0.015788	-2.06667e-05
520	-0.000116	0.006228	0.010438	0.007675	0.012263	0.0106	0.0106	0.00017175	0.013799	0.00867	0.008605	0.009831	0.013253	0.015671	-7.66667e-06
521	-9.5e-05	0.006124	0.010321	0.007586	0.012139	0.010505	0.010505	0.00016825	0.01364	0.008548	0.008498	0.009707	0.013131	0.015544	-8.33333e-06
522	-7.1e-05	0.006059	0.010234	0.007522	0.01202	0.010401	0.010401	0.000185	0.013544	0.0085	0.008416	0.009617	0.013046	0.01548	-1.56667e-05
523	-5e-05	0.005989	0.010139	0.007466	0.011935	0.010323	0.010323	0.00018675	0.013421	0.008385	0.008347	0.009525	0.012952	0.01538	-9.66667e-06
524	-5.5e-05	0.005924	0.010092	0.007407	0.011801	0.01021	0.01021	0.00018825	0.013315	0.008289	0.008279	0.009431	0.012858	0.015294	-4.03333e-05
525	-7.8e-05	0.005824	0.00998	0.00728	0.011692	0.010089	0.010089	0.0001745	0.013183	0.008191	0.0082	0.00934	0.012757	0.015176	-4.63333e-05
526	-9.7e-05	0.005742	0.009896	0.007188	0.011541	0.009957	0.009957	0.000161	0.013059	0.00811	0.008113	0.009275	0.012663	0.01506	-4.46667e-05
527	-9.7e-05	0.005673	0.009799	0.007045	0.011433	0.00982	0.00982	0.00016425	0.012954	0.008039	0.008052	0.009207	0.012585	0.014954	2.000000000000001e-06
528	-8.7e-05	0.005606	0.009731	0.006997	0.011334	0.009705	0.009705	0.00017525	0.012828	0.00792	0.00798	0.009121	0.012494	0.014831	2.13333e-05
529	-9.8e-05	0.005528	0.009636	0.006889	0.011194	0.00957	0.00957	0.00016575	0.012748	0.00783	0.007933	0.009001	0.012412	0.01475	3.96667e-05
530	-0.000114	0.005456	0.009556	0.006856	0.011103	0.009505	0.009505	0.00015025	0.012591	0.007701	0.007836	0.008871	0.012332	0.014644	1.3666700000000002e-05
531	-0.000121	0.005387	0.009463	0.006749	0.010976	0.009403	0.009403	0.00014	0.012479	0.007618	0.007762	0.008782	0.01227	0.014572	-5.666670000000001e-06
532	-0.000111	0.005322	0.009396	0.006701	0.01092	0.009341	0.009341	0.000147	0.012342	0.007533	0.007675	0.008704	0.012157	0.014469	-3.16667e-05
533	-9.9e-05	0.00524	0.009293	0.006596	0.010796	0.009211	0.009211	0.00015425	0.01225	0.007491	0.007591	0.008662	0.012068	0.014379	-1.66667e-05
534	-0.000104	0.005155	0.009221	0.006513	0.010682	0.009124	0.009124	0.00014475	0.012126	0.007415	0.00753	0.008569	0.011964	0.01425	-2.6666700000000007e-06
535	-9.6e-05	0.005096	0.009153	0.006421	0.010587	0.009006	0.009006	0.00015125	0.012002	0.00731	0.007447	0.00849	0.011897	0.014133	7.333329999999999e-06
536	-8.5e-05	0.005056	0.009069	0.006349	0.010497	0.008897	0.008897	0.0001475	0.011874	0.007167	0.007356	0.008368	0.011777	0.013966	3.333330000000001e-07
537	-8.5e-05	0.004982	0.008958	0.006285	0.010414	0.00875	0.00875	0.00015225	0.011756	0.007041	0.007232	0.008277	0.011666	0.013804	-3.4e-05
538	-8.1e-05	0.004923	0.00886	0.006208	0.010315	0.008661	0.008661	0.00015725	0.011651	0.006922	0.007129	0.008176	0.011537	0.013626	-2.63333e-05
539	-8.1e-05	0.004834	0.008831	0.006138	0.010237	0.00857	0.00857	0.0001685	0.011548	0.006855	0.007047	0.008086	0.011421	0.013533	-1.96667e-05
540	-7.5e-05	0.00481	0.008783	0.006038	0.010132	0.008504	0.008504	0.0001715	0.011453	0.00677	0.007	0.008008	0.01133	0.01342	1.1666700000000001e-05
541	-7.9e-05	0.004728	0.008735	0.005972	0.010032	0.008404	0.008404	0.00016425	0.011337	0.006693	0.006906	0.007924	0.011263	0.013354	1.2e-05
542	-7.4e-05	0.004681	0.00863	0.005905	0.009936	0.008339	0.008339	0.0001575	0.011201	0.006591	0.006812	0.00785	0.011177	0.013228	5.66667e-06
543	-8e-05	0.004571	0.008547	0.00586	0.009856	0.008235	0.008235	0.00015975	0.011095	0.006533	0.006752	0.007797	0.011113	0.013168	9.66667e-06
544	-6.1e-05	0.004537	0.008474	0.005817	0.009773	0.008166	0.008166	0.00017775	0.011004	0.006464	0.006736	0.007736	0.011055	0.013104	4e-06
545	-6.4e-05	0.004475	0.00842	0.005742	0.009687	0.008059	0.008059	0.0001815	0.010942	0.006402	0.006741	0.007686	0.011016	0.013054	1.06667e-05
546	-5.4e-05	0.004472	0.008365	0.005677	0.009597	0.007998	0.007998	0.00017625	0.010831	0.006304	0.006668	0.007594	0.010915	0.012982	4e-06
547	-7.7e-05	0.004416	0.00829	0.005585	0.009504	0.007906	0.007906	0.0001645	0.010731	0.006253	0.006621	0.007525	0.010827	0.012882	-1.1333300000000002e-05
548	-7e-05	0.00441	0.008233	0.005572	0.009443	0.00785	0.00785	0.0001785	0.010612	0.006201	0.006549	0.007477	0.010761	0.012805	-1.86667e-05
549	-0.000104	0.004349	0.008178	0.005502	0.00936	0.00778	0.00778	0.000183	0.010521	0.006175	0.006509	0.007435	0.010721	0.012738	-1.06667e-05
550	-0.000113	0.004288	0.008104	0.005455	0.009269	0.007697	0.007697	0.00016975	0.010416	0.00609	0.006403	0.007367	0.010646	0.012631	-9.33333e-06
551	-0.000106	0.004206	0.008044	0.005352	0.009139	0.007603	0.007603	0.00015575	0.010332	0.006013	0.006359	0.007273	0.01057	0.01255	1.33333e-06
552	-6.1e-05	0.004193	0.007995	0.005316	0.009072	0.007525	0.007525	0.0001665	0.010246	0.005916	0.006302	0.007197	0.010488	0.012439	-2.66667e-06
553	-3.8e-05	0.004162	0.00796	0.005246	0.008986	0.007475	0.007475	0.000182	0.010192	0.005885	0.006279	0.007152	0.010455	0.012378	1.2666699999999999e-05
554	-7.8e-05	0.004117	0.007878	0.00519	0.008919	0.007388	0.007388	0.00017575	0.010097	0.005803	0.00622	0.007105	0.010397	0.01228	-6.666669999999996e-07
555	-9.9e-05	0.004008	0.007802	0.005103	0.008809	0.007296	0.007296	0.000152	0.01002	0.005763	0.00616	0.00706	0.010359	0.012196	-3e-06
556	-0.000121	0.003952	0.007736	0.00505	0.00877	0.007187	0.007187	0.00014375	0.009902	0.005662	0.006119	0.006994	0.010291	0.012113	-9.999999999999997e-07
557	-0.000113	0.003892	0.007683	0.004979	0.00869	0.007127	0.007127	0.00013325	0.009847	0.005631	0.006081	0.006968	0.010269	0.012063	8e-06
558	-9.5e-05	0.003876	0.007631	0.004926	0.008626	0.007059	0.007059	0.000147	0.009767	0.00555	0.006032	0.00691	0.010215	0.011997	1.2e-05
559	-6.6e-05	0.003832	0.007583	0.004873	0.008496	0.007018	0.007018	0.0001465	0.009693	0.005492	0.00596	0.006851	0.010151	0.01193	3.999999999999999e-06
560	-4.8e-05	0.003811	0.007529	0.004822	0.008429	0.006968	0.006968	0.00016925	0.009598	0.005412	0.005886	0.00678	0.010059	0.011855	-1.3666700000000002e-05
561	-5.4e-05	0.003761	0.007476	0.004792	0.008341	0.006912	0.006912	0.0001505	0.009497	0.005318	0.005788	0.006695	0.009959	0.01173	-1e-05
562	-7.4e-05	0.003711	0.007426	0.004738	0.008279	0.006838	0.006838	0.00014725	0.009396	0.005252	0.005729	0.006658	0.009902	0.011649	-5e-06
563	-8.1e-05	0.00368	0.007385	0.004706	0.008202	0.006751	0.006751	0.0001255	0.009303	0.005175	0.005658	0.006569	0.009848	0.011536	-5e-06
564	-0.000107	0.003643	0.007347	0.004626	0.008137	0.006682	0.006682	0.00013325	0.009202	0.005127	0.005629	0.006539	0.00981	0.011494	-4.03333e-05
565	-0.000104	0.003633	0.007291	0.004588	0.0081	0.006624	0.006624	0.000141	0.009126	0.005063	0.005587	0.006484	0.009769	0.011422	-4e-05
566	-0.00011	0.003584	0.007249	0.00453	0.008032	0.006581	0.006581	0.00015375	0.009054	0.00502	0.005558	0.006468	0.009723	0.011364	-2.83333e-05
567	-0.000103	0.003548	0.007174	0.004493	0.007963	0.006505	0.006505	0.00013675	0.008973	0.004949	0.005521	0.006394	0.009666	0.011292	7.3333299999999984e-06
568	-0.000101	0.003505	0.007134	0.004433	0.007902	0.006447	0.006447	0.00013375	0.008921	0.004889	0.00547	0.006323	0.009589	0.011229	4.66667e-06
569	-4.7e-05	0.003511	0.007123	0.004416	0.00787	0.006407	0.006407	0.0001545	0.008843	0.004834	0.005423	0.006253	0.009544	0.011193	4e-06
570	-2.7e-05	0.003488	0.007107	0.004368	0.007811	0.006386	0.006386	0.0001725	0.008812	0.004818	0.005381	0.006215	0.009523	0.011147	-1.56667e-05
571	-3.5e-05	0.003439	0.007055	0.004329	0.007731	0.00632	0.00632	0.000174	0.008719	0.004759	0.005345	0.006161	0.00946	0.011056	-2.33333e-05
572	-7.5e-05	0.003387	0.006986	0.004283	0.007672	0.006262	0.006262	0.0001585	0.008667	0.004708	0.005295	0.006106	0.009407	0.010972	-3.7e-05
573	-8.1e-05	0.003343	0.006933	0.00424	0.00762	0.006206	0.006206	0.00017325	0.008596	0.004614	0.005259	0.006044	0.009342	0.01089	-2.83333e-05
574	-8.6e-05	0.003293	0.00687	0.004178	0.007541	0.006164	0.006164	0.000159	0.008537	0.004596	0.005227	0.006009	0.009301	0.010853	-2.63333e-05
575	-9.6e-05	0.003242	0.006801	0.004109	0.007455	0.006078	0.006078	0.0001515	0.008455	0.004532	0.005196	0.005939	0.009236	0.010751	7.999999999999998e-06
576	-0.000125	0.003215	0.006744	0.004072	0.007399	0.005999	0.005999	0.00012375	0.008363	0.004495	0.005146	0.005893	0.009168	0.010687	1.63333e-05
577	-0.000113	0.003229	0.006734	0.004054	0.007352	0.005951	0.005951	0.0001485	0.008299	0.0044	0.005095	0.005828	0.00913	0.010624	2.5e-05
578	-0.000121	0.00322	0.006707	0.004043	0.007299	0.005924	0.005924	0.000145	0.008262	0.004365	0.005042	0.005795	0.009081	0.010621	2.6666700000000007e-06
579	-0.000109	0.003196	0.006676	0.003999	0.007229	0.005865	0.005865	0.000166	0.008223	0.004313	0.004983	0.005769	0.009034	0.010586	-1.2e-05
580	-0.000122	0.003135	0.006617	0.003975	0.007194	0.005816	0.005816	0.0001545	0.008157	0.004298	0.004941	0.005706	0.008981	0.010532	-7e-06
581	-0.000119	0.003073	0.006556	0.003914	0.00712	0.005755	0.005755	0.00016025	0.008046	0.004238	0.004896	0.005651	0.008929	0.010479	6.6666700000000005e-06
582	-0.000122	0.003032	0.006506	0.003877	0.007067	0.005717	0.005717	0.00014275	0.007944	0.00419	0.004858	0.005564	0.008892	0.010412	4e-06
583	-0.000111	0.003023	0.006473	0.003818	0.006999	0.005635	0.005635	0.0001335	0.007864	0.004126	0.004789	0.005546	0.008824	0.010366	2.33333e-06
584	-0.00012	0.00298	0.006466	0.003775	0.006955	0.005552	0.005552	0.0001275	0.00781	0.0041	0.004785	0.005534	0.008803	0.01032	3.333330000000001e-07
585	-9.5e-05	0.002952	0.006434	0.003743	0.006923	0.005495	0.005495	0.000128	0.007787	0.004064	0.004758	0.005524	0.00876	0.010288	-8.66667e-06
586	-0.0001	0.002905	0.006397	0.003695	0.006866	0.005447	0.005447	0.00013475	0.007757	0.004054	0.004753	0.005499	0.008744	0.010245	-2.43333e-05
587	-6.9e-05	0.002874	0.006346	0.003671	0.006824	0.00543	0.00543	0.00012575	0.007696	0.003987	0.004673	0.005411	0.008664	0.010163	-3.56667e-05
588	-8.6e-05	0.002831	0.006306	0.003639	0.006759	0.005378	0.005378	0.0001275	0.00762	0.003963	0.004642	0.005364	0.008611	0.010125	-3.5e-05
589	-8.1e-05	0.002799	0.006257	0.0036	0.006709	0.005327	0.005327	9.65e-05	0.007544	0.003871	0.004581	0.005278	0.008551	0.010048	-4.43333e-05
590	-0.000102	0.002801	0.006216	0.003538	0.006658	0.005277	0.005277	0.00011325	0.007501	0.003844	0.004548	0.005273	0.008519	0.010021	-3.53333e-05
591	-9.8e-05	0.002805	0.006196	0.00354	0.006633	0.005265	0.005265	0.00011275	0.007456	0.003789	0.004513	0.005238	0.008472	0.009968	2.3333300000000023e-06
592	-0.000122	0.002793	0.006148	0.003498	0.006594	0.005207	0.005207	0.000134	0.007391	0.003778	0.004483	0.005235	0.008431	0.009958	5e-05
593	-0.000129	0.002758	0.006118	0.003495	0.006579	0.005161	0.005161	0.0001125	0.00731	0.003727	0.004475	0.00519	0.008349	0.009888	4.86667e-05
594	-0.000121	0.002724	0.006058	0.003429	0.006506	0.005093	0.005093	0.00011575	0.007257	0.003702	0.004448	0.005167	0.008314	0.009849	3.96667e-05
595	-9.8e-05	0.002723	0.00606	0.003444	0.006495	0.005105	0.005105	0.00012225	0.007205	0.003658	0.004445	0.005127	0.008258	0.009772	2.6666699999999973e-06
596	-8.5e-05	0.0027	0.006005	0.003408	0.006424	0.005049	0.005049	0.00012675	0.007194	0.003627	0.004404	0.005088	0.008234	0.009741	-2.43333e-05
597	-9e-05	0.002666	0.005973	0.00338	0.0064	0.005018	0.005018	0.00013125	0.007165	0.003607	0.004426	0.005071	0.008196	0.009687	-2.46667e-05
598	-0.0001	0.002623	0.005912	0.003323	0.00632	0.004948	0.004948	0.000129	0.007142	0.003583	0.004408	0.005056	0.00816	0.009655	-2.63333e-05
599	-0.0001	0.002589	0.005883	0.003286	0.006287	0.004942	0.004942	0.00014025	0.007075	0.003558	0.004408	0.005022	0.008136	0.009612	-3.6666700000000013e-06
600	-8.3e-05	0.002579	0.005841	0.003255	0.006243	0.004897	0.004897	0.00013475	0.007002	0.003511	0.004322	0.004966	0.008072	0.009546	1.13333e-05
601	-3.7e-05	0.002563	0.005831	0.003247	0.006218	0.004893	0.004893	0.00014725	0.006919	0.003469	0.004279	0.004915	0.008042	0.009487	9.66667e-06
602	-4.000000000000002e-06	0.002545	0.005805	0.003246	0.00618	0.004846	0.004846	0.000135	0.006859	0.003424	0.004215	0.004873	0.007992	0.009416	1.06667e-05
603	-4e-06	0.002511	0.005792	0.003217	0.006132	0.004832	0.004832	0.000141	0.006786	0.003363	0.004204	0.004829	0.007947	0.009364	-4.33333e-06
604	-1.9e-05	0.002476	0.005743	0.003198	0.006091	0.004777	0.004777	0.00011925	0.00673	0.003324	0.004146	0.004778	0.007908	0.00932	2.43333e-05
605	-3.2e-05	0.002479	0.005729	0.00316	0.006024	0.004766	0.004766	0.00014475	0.006652	0.00329	0.004116	0.00478	0.007868	0.009274	2.73333e-05
606	-3.6e-05	0.002466	0.005713	0.003158	0.005991	0.00472	0.00472	0.00013275	0.006602	0.003273	0.004086	0.004762	0.007843	0.009211	1.1333299999999999e-05
607	-5.9e-05	0.002429	0.005694	0.00312	0.005934	0.004681	0.004681	0.000144	0.006577	0.003262	0.004102	0.004781	0.007808	0.009151	-1.03333e-05
608	-4.8e-05	0.002412	0.005668	0.003134	0.005924	0.004643	0.004643	0.00013925	0.006567	0.003248	0.004097	0.004753	0.007789	0.009122	-1.83333e-05
609	-8.7e-05	0.002381	0.005631	0.003097	0.00588	0.004612	0.004612	0.00013575	0.006512	0.003201	0.004044	0.004704	0.007754	0.009075	-1.03333e-05
610	-9.8e-05	0.002379	0.005591	0.003108	0.005851	0.004601	0.004601	0.00012675	0.006456	0.003166	0.004003	0.004649	0.007739	0.00905	1.9999999999999995e-06
611	-0.000138	0.002347	0.005568	0.003058	0.0058	0.004583	0.004583	0.00012375	0.006407	0.003131	0.003983	0.004617	0.007716	0.00901	-1.33333e-06
612	-8.3e-05	0.00235	0.005571	0.003056	0.005784	0.004585	0.004585	0.000138	0.006385	0.003132	0.003993	0.00463	0.007717	0.009018	1.4333299999999999e-05
613	-7.6e-05	0.002327	0.005565	0.003004	0.005741	0.004552	0.004552	0.000139	0.006369	0.003088	0.003955	0.004607	0.007684	0.008996	4.33333e-06
614	-7.1e-05	0.002301	0.005537	0.002986	0.005727	0.004529	0.004529	0.00011625	0.006326	0.003082	0.003925	0.004591	0.007664	0.008958	4.06667e-05
615	-0.000127	0.002244	0.0055	0.00296	0.005686	0.004498	0.004498	9.75e-05	0.00631	0.00303	0.003906	0.004549	0.007627	0.008921	3.2e-05
616	-0.000116	0.002225	0.005503	0.002973	0.005698	0.004509	0.004509	0.00010475	0.00622	0.002996	0.003877	0.004499	0.007566	0.00884	3.16667e-05
617	-0.000136	0.002188	0.005462	0.002961	0.005645	0.004468	0.004468	9.475e-05	0.006176	0.002925	0.003831	0.004445	0.007516	0.008797	3.63333e-05
618	-0.000131	0.002183	0.005427	0.002926	0.0056	0.004428	0.004428	7.525e-05	0.006074	0.002877	0.003745	0.00436	0.007437	0.008713	2.66667e-05
619	-0.000131	0.002175	0.005392	0.002919	0.005562	0.004352	0.004352	5.7e-05	0.006039	0.002829	0.003722	0.004333	0.007413	0.008663	3.3e-05
620	-0.000111	0.002177	0.005402	0.002907	0.00555	0.00433	0.00433	6.65e-05	0.005986	0.002807	0.003707	0.004296	0.007377	0.008625	7.000000000000001e-06
621	-0.000112	0.002156	0.005403	0.002933	0.005554	0.004284	0.004284	9.125e-05	0.005977	0.002808	0.003739	0.004299	0.007387	0.008613	4e-06
622	-0.000121	0.002149	0.0054	0.002901	0.005508	0.00428	0.00428	0.0001035	0.005957	0.002798	0.003712	0.00426	0.007345	0.008591	-1.3000000000000001e-05
623	-0.000132	0.002131	0.005383	0.00289	0.005499	0.004256	0.004256	0.0001065	0.005952	0.002794	0.003715	0.00426	0.007349	0.008548	-1.13333e-05
624	-0.000101	0.002163	0.005381	0.002879	0.005491	0.004289	0.004289	0.000123	0.00593	0.002808	0.003692	0.004283	0.007343	0.008528	1.3333299999999998e-05
625	-0.000102	0.002159	0.005352	0.00286	0.005487	0.004242	0.004242	0.00012575	0.005932	0.002832	0.00374	0.004316	0.007388	0.00856	1.93333e-05
626	-8.7e-05	0.002161	0.005354	0.002847	0.005449	0.004213	0.004213	0.00012975	0.005902	0.00281	0.003724	0.004294	0.007375	0.008567	-6.66667e-06
627	-0.000102	0.002129	0.005332	0.002824	0.005409	0.004149	0.004149	0.00011475	0.005881	0.002757	0.0037	0.004274	0.007354	0.008544	-2.23333e-05
628	-8.1e-05	0.00208	0.005334	0.002827	0.005366	0.004152	0.004152	0.000107	0.005847	0.002737	0.003649	0.004249	0.007339	0.008488	-2.8e-05
629	-7.8e-05	0.002064	0.005304	0.002803	0.005331	0.004115	0.004115	0.0001075	0.005824	0.002744	0.003653	0.00426	0.0073	0.008465	1.6666700000000004e-05
630	-7.5e-05	0.002012	0.005265	0.002793	0.005282	0.004076	0.004076	0.00010025	0.005774	0.002725	0.00365	0.004227	0.00726	0.008428	3.1e-05
631	-9.1e-05	0.002008	0.005241	0.002766	0.005258	0.004033	0.004033	0.00011075	0.005724	0.002686	0.00364	0.004214	0.007208	0.008406	4.36667e-05
632	-9e-05	0.001995	0.005234	0.002778	0.005239	0.004022	0.004022	0.0001065	0.005661	0.002641	0.003589	0.004166	0.007186	0.00836	3.33333e-05
633	-8.6e-05	0.002004	0.00522	0.002759	0.005207	0.004007	0.004007	0.0001065	0.005638	0.002638	0.00356	0.004148	0.007194	0.008327	1.7e-05
634	-9.4e-05	0.001975	0.005201	0.002734	0.005194	0.003974	0.003974	8.025e-05	0.005601	0.00259	0.00353	0.00412	0.007172	0.008285	2.76667e-05
635	-8.2e-05	0.001961	0.005177	0.002689	0.005163	0.00395	0.00395	9.425e-05	0.00559	0.002575	0.003494	0.004105	0.007167	0.008255	1.06667e-05
636	-9.1e-05	0.001938	0.005179	0.002669	0.005169	0.003932	0.003932	8.75e-05	0.005547	0.002516	0.003476	0.004084	0.007137	0.008226	1.8e-05
637	-8.2e-05	0.00194	0.005159	0.002679	0.005127	0.003926	0.003926	0.00010425	0.005495	0.002524	0.00343	0.004046	0.007112	0.008189	5.333330000000001e-06
638	-9.8e-05	0.001902	0.005144	0.00267	0.005096	0.003905	0.003905	7.85e-05	0.005403	0.002455	0.003408	0.004002	0.007051	0.008125	9.33333e-06
639	-8.2e-05	0.0019	0.005128	0.002673	0.005067	0.003891	0.003891	0.00010125	0.005361	0.002446	0.003396	0.00397	0.007009	0.008099	4.2666699999999996e-05
640	-9.5e-05	0.001868	0.005115	0.002643	0.005046	0.003855	0.003855	7.05e-05	0.005328	0.00239	0.003395	0.003934	0.006967	0.008052	6.2e-05
641	-0.00012	0.00186	0.00508	0.002612	0.005022	0.003817	0.003817	7.6e-05	0.005319	0.002414	0.003371	0.003928	0.006933	0.008044	9.23333e-05
642	-0.000141	0.001836	0.005053	0.002572	0.004987	0.003767	0.003767	5.225e-05	0.00527	0.002358	0.003327	0.003874	0.006883	0.007975	4.8e-05
643	-0.000141	0.001856	0.005035	0.002555	0.004964	0.003759	0.003759	6.175e-05	0.005216	0.002364	0.003319	0.003867	0.006839	0.007949	5.53333e-05
644	-0.000107	0.001857	0.005046	0.002564	0.00496	0.003758	0.003758	7.975e-05	0.005188	0.00231	0.003315	0.003853	0.006812	0.007921	2.83333e-05
645	-8.5e-05	0.001858	0.005037	0.002585	0.004931	0.003759	0.003759	8.55e-05	0.005177	0.002333	0.003324	0.003891	0.006828	0.007954	4.43333e-05
646	-8e-05	0.001832	0.005034	0.002566	0.004895	0.003745	0.003745	9.125e-05	0.005174	0.002283	0.003314	0.003882	0.006807	0.007957	3.96667e-05
647	-0.000104	0.001817	0.005001	0.002543	0.004863	0.003709	0.003709	6.95e-05	0.005149	0.002285	0.003334	0.003879	0.006817	0.007964	3.13333e-05
648	-0.000139	0.001763	0.004974	0.00248	0.004823	0.003691	0.003691	5.825e-05	0.005082	0.002245	0.00331	0.003841	0.006771	0.007925	2.06667e-05
649	-0.000114	0.001764	0.004966	0.002491	0.004825	0.003673	0.003673	6.9e-05	0.005043	0.002271	0.003309	0.003832	0.006785	0.007897	-1.3333300000000017e-06
650	-8.9e-05	0.001742	0.004971	0.002484	0.004788	0.003661	0.003661	8.225e-05	0.004983	0.002221	0.003262	0.003807	0.006737	0.007842	4e-06
651	-4.8e-05	0.001761	0.004958	0.002492	0.004786	0.003642	0.003642	9.15e-05	0.004951	0.002212	0.003259	0.003762	0.006694	0.007806	2.63333e-05
652	-8.3e-05	0.00172	0.004921	0.002455	0.004749	0.003594	0.003594	7.625e-05	0.004898	0.002144	0.003235	0.003723	0.006638	0.007754	1.6e-05
653	-9.6e-05	0.001719	0.004904	0.002427	0.004732	0.003562	0.003562	6.1e-05	0.004884	0.002148	0.003234	0.003693	0.006598	0.00772	4.33333e-05
654	-9.1e-05	0.001724	0.004925	0.002421	0.004714	0.003559	0.003559	7.575e-05	0.004825	0.002096	0.003199	0.00368	0.006577	0.007659	3.26667e-05
655	-8.6e-05	0.001734	0.004885	0.002393	0.00469	0.003544	0.003544	8.15e-05	0.004799	0.002089	0.003178	0.003668	0.006553	0.007644	2.93333e-05
656	-8.6e-05	0.00172	0.004868	0.002389	0.004706	0.003547	0.003547	8.9e-05	0.004734	0.002028	0.003165	0.003633	0.006531	0.007612	1.2e-05
657	-9.3e-05	0.001717	0.004845	0.00237	0.004698	0.003512	0.003512	8.575e-05	0.004741	0.00201	0.00315	0.003624	0.00651	0.007613	-4.33333e-06
658	-9.1e-05	0.001702	0.004844	0.002393	0.004677	0.003509	0.003509	0.0001	0.004694	0.001972	0.003105	0.003602	0.006446	0.007584	1.23333e-05
659	-7.7e-05	0.001708	0.004842	0.002396	0.004644	0.00349	0.00349	0.0001015	0.004689	0.001958	0.003067	0.003596	0.00642	0.007555	3.3333299999999995e-06
660	-8.3e-05	0.001708	0.004848	0.002428	0.00465	0.003488	0.003488	0.00011675	0.004651	0.001929	0.003046	0.003603	0.006384	0.007503	2.16667e-05
661	-6.4e-05	0.001719	0.004865	0.0024	0.004641	0.003484	0.003484	0.00011375	0.004636	0.001913	0.003038	0.003577	0.006391	0.00745	3.7e-05
662	-0.00011	0.001688	0.004825	0.002363	0.004593	0.00345	0.00345	9.825e-05	0.004572	0.001897	0.003016	0.003547	0.006355	0.0074	4.46667e-05
663	-0.000117	0.001659	0.004798	0.00232	0.004542	0.003441	0.003441	6.5e-05	0.004543	0.001882	0.002996	0.003495	0.00632	0.007367	4.23333e-05
664	-0.000138	0.001639	0.004771	0.002324	0.004528	0.003422	0.003422	5.15e-05	0.004506	0.001829	0.002981	0.003463	0.006276	0.007332	9.999999999999999e-06
665	-9.8e-05	0.001666	0.00479	0.002354	0.004532	0.003433	0.003433	7.025e-05	0.004507	0.001801	0.002981	0.003464	0.006269	0.007328	-6.3333299999999996e-06
666	-0.000114	0.001661	0.004756	0.002349	0.004513	0.003388	0.003388	7.125e-05	0.004463	0.001761	0.002977	0.003451	0.006248	0.007284	-1.03333e-05
667	-0.000112	0.001669	0.004762	0.002356	0.00451	0.00338	0.00338	7.4e-05	0.004423	0.001788	0.002977	0.003467	0.00623	0.007258	-1.16667e-05
668	-0.000139	0.001663	0.004722	0.002331	0.004488	0.003333	0.003333	5.875e-05	0.004384	0.00178	0.002968	0.003458	0.0062	0.007225	-1.9999999999999995e-06
669	-0.000132	0.001667	0.004735	0.002327	0.004478	0.00333	0.00333	6.225e-05	0.004368	0.001805	0.002985	0.003474	0.006211	0.007227	-1.9e-05
670	-0.000123	0.001677	0.004721	0.002316	0.004475	0.003321	0.003321	7.1e-05	0.004344	0.001745	0.002971	0.003448	0.006195	0.007189	3.999999999999999e-06
671	-9.7e-05	0.001654	0.004741	0.002308	0.004481	0.003341	0.003341	8.775e-05	0.00432	0.001748	0.002967	0.00343	0.006189	0.007182	1.03333e-05
672	-6.9e-05	0.001691	0.00475	0.002315	0.004497	0.003352	0.003352	0.0001005	0.004294	0.001699	0.002935	0.003391	0.006152	0.007147	1.5e-05
673	-0.000103	0.001658	0.004756	0.002301	0.004463	0.003324	0.003324	8.85e-05	0.004259	0.001716	0.002915	0.003356	0.006126	0.00713	9.66667e-06
674	-0.000136	0.001633	0.004717	0.00228	0.004405	0.003294	0.003294	5.9e-05	0.004205	0.00166	0.00287	0.003304	0.006094	0.007077	-4.33333e-06
675	-0.000168	0.001589	0.004706	0.002269	0.00439	0.003263	0.003263	4.35e-05	0.004151	0.001665	0.002849	0.003287	0.006053	0.007056	9.999999999999997e-07
676	-0.000174	0.001567	0.004668	0.002229	0.004362	0.003223	0.003223	2.075e-05	0.004135	0.001645	0.002841	0.003289	0.006042	0.007045	8e-06
677	-0.000169	0.001586	0.004699	0.002246	0.004411	0.003219	0.003219	3.725e-05	0.004141	0.001684	0.002863	0.003323	0.006017	0.00703	1.13333e-05
678	-0.000179	0.00157	0.004651	0.002217	0.004355	0.003182	0.003182	1.775e-05	0.004106	0.001681	0.002842	0.003296	0.005991	0.007014	1.96667e-05
679	-0.000143	0.001592	0.004696	0.002246	0.004384	0.003197	0.003197	4.1e-05	0.004078	0.001695	0.002829	0.003299	0.005955	0.006991	0.0
680	-0.000184	0.001589	0.004658	0.002205	0.004309	0.003154	0.003154	9.5e-06	0.00401	0.00165	0.00279	0.003257	0.00591	0.006953	3.36667e-05
681	-0.000197	0.001575	0.004686	0.002202	0.004314	0.00316	0.00316	1.8e-05	0.004005	0.001638	0.002789	0.003258	0.005905	0.006935	1.06667e-05
682	-0.000206	0.001611	0.004671	0.0022	0.004284	0.003186	0.003186	3.525e-05	0.003977	0.001617	0.002753	0.003222	0.005891	0.006914	3e-06
683	-0.000172	0.001592	0.00468	0.002199	0.004302	0.003215	0.003215	5.35e-05	0.004019	0.001638	0.002754	0.003205	0.00591	0.006929	-3.16667e-05
684	-0.00014	0.001643	0.004685	0.0022	0.004314	0.003235	0.003235	6.325e-05	0.004013	0.001622	0.002746	0.003198	0.00589	0.006896	-2.16667e-05
685	-0.00016	0.001601	0.004665	0.002172	0.004296	0.003204	0.003204	3.225e-05	0.004015	0.001608	0.002781	0.003194	0.005904	0.006898	1.3333299999999997e-05
686	-0.000156	0.001637	0.004669	0.002187	0.004308	0.00321	0.00321	3.5e-05	0.003977	0.001568	0.002772	0.003196	0.005903	0.006864	3.6666699999999996e-06
687	-0.000185	0.001574	0.004633	0.002151	0.004263	0.003153	0.003153	9.999999999999999e-06	0.003954	0.001554	0.00278	0.00318	0.005913	0.006853	1.53333e-05
688	-0.000184	0.001588	0.004623	0.002156	0.004263	0.003112	0.003112	1.15e-05	0.003923	0.001513	0.002726	0.003161	0.005894	0.006829	-6e-06
689	-0.000159	0.001552	0.004631	0.002137	0.004244	0.003089	0.003089	8.75e-06	0.003873	0.001502	0.002728	0.003137	0.00585	0.0068	-9.33333e-06
690	-0.00016	0.001536	0.004628	0.002125	0.004242	0.003076	0.003076	1.3e-05	0.003854	0.001461	0.002714	0.00313	0.005827	0.006797	-2.83333e-05
691	-0.000128	0.001545	0.004661	0.002143	0.004272	0.00315	0.00315	4.75e-05	0.003827	0.001447	0.002741	0.003134	0.005784	0.006754	-3.83333e-05
692	-0.000136	0.001553	0.004656	0.002155	0.004264	0.003136	0.003136	5.85e-05	0.003842	0.001425	0.002734	0.003122	0.005758	0.006745	-3.43333e-05
693	-0.000125	0.001597	0.004678	0.002182	0.004271	0.003175	0.003175	7.725e-05	0.003827	0.001442	0.002714	0.003106	0.00574	0.006718	-2.7e-05
694	-0.000166	0.001564	0.00463	0.002128	0.0042	0.003103	0.003103	4.3e-05	0.003818	0.001439	0.002697	0.003083	0.005724	0.006708	-1.86667e-05
695	-0.0002	0.00157	0.004602	0.002087	0.004167	0.003073	0.003073	1.325e-05	0.003768	0.001422	0.002651	0.003056	0.005719	0.006688	5.666669999999999e-06
696	-0.000183	0.001551	0.00459	0.002082	0.004183	0.003059	0.003059	8.75e-06	0.003768	0.001428	0.002668	0.003074	0.005703	0.006677	7e-06
697	-0.000163	0.001553	0.004593	0.002099	0.004198	0.003057	0.003057	1e-05	0.003754	0.001406	0.002632	0.003056	0.005686	0.006653	2.43333e-05
698	-0.000142	0.001516	0.004593	0.002097	0.004195	0.003062	0.003062	1.375e-05	0.003742	0.001403	0.002643	0.003064	0.005658	0.006632	4.9999999999999996e-06
699	-0.000177	0.00149	0.004556	0.002068	0.004133	0.003048	0.003048	-1.175e-05	0.003673	0.001342	0.002598	0.003011	0.005611	0.006587	9.66667e-06
700	-0.000175	0.001477	0.004575	0.002049	0.004113	0.003057	0.003057	-1.575e-05	0.00364	0.001357	0.002619	0.003019	0.005593	0.006578	6.66667e-06
701	-0.000167	0.001488	0.004581	0.002073	0.004129	0.003062	0.003062	7.25e-06	0.003629	0.001348	0.002592	0.00297	0.005541	0.006563	-5.333330000000001e-06
702	-0.000147	0.001479	0.004593	0.002066	0.004124	0.003045	0.003045	6.5e-06	0.003613	0.001349	0.002556	0.00295	0.005499	0.006549	2.66667e-06
703	-0.000137	0.001474	0.00456	0.002084	0.004128	0.003038	0.003038	1.4999999999999999e-05	0.003597	0.001312	0.002506	0.002922	0.005444	0.006505	7e-06
704	-9.9e-05	0.001484	0.004594	0.002065	0.004103	0.003064	0.003064	1e-05	0.003572	0.001304	0.002525	0.00295	0.005442	0.006483	4.76667e-05
705	-7.5e-05	0.001485	0.004612	0.00208	0.004116	0.003101	0.003101	3.775e-05	0.003578	0.001319	0.002547	0.002941	0.005436	0.006469	3.83333e-05
706	-6.7e-05	0.001474	0.004638	0.002074	0.004099	0.003118	0.003118	4.35e-05	0.003551	0.001333	0.002551	0.002899	0.005402	0.006471	3e-05
707	-0.000109	0.001439	0.004591	0.002086	0.004105	0.003097	0.003097	5.225e-05	0.003545	0.001338	0.002528	0.002862	0.005375	0.00645	1.93333e-05
708	-0.000104	0.001439	0.004592	0.002079	0.004107	0.00308	0.00308	4.6e-05	0.003494	0.0013	0.002494	0.002842	0.00534	0.006419	2.8e-05
709	-0.000146	0.001413	0.004544	0.002039	0.004095	0.003036	0.003036	3.775e-05	0.003484	0.001265	0.00251	0.002823	0.005312	0.006376	3.06667e-05
710	-0.000141	0.001421	0.004573	0.002025	0.004072	0.003043	0.003043	3.425e-05	0.003445	0.001227	0.002478	0.002807	0.005286	0.00633	4.33333e-05
711	-0.00016	0.001412	0.004539	0.002001	0.004024	0.003043	0.003043	3.675e-05	0.003434	0.00122	0.002487	0.002782	0.005257	0.006301	3.36667e-05
712	-0.000135	0.001394	0.004563	0.00198	0.003994	0.003037	0.003037	2.2e-05	0.003407	0.001221	0.002452	0.002776	0.005251	0.006279	2.63333e-05
713	-0.00014	0.001358	0.004493	0.001941	0.003958	0.002995	0.002995	1.15e-05	0.003377	0.001216	0.002458	0.002741	0.005202	0.006265	-2.333329999999999e-06
714	-0.000151	0.001295	0.004477	0.001893	0.003965	0.002943	0.002943	-1.5000000000000009e-06	0.003357	0.001193	0.002422	0.002733	0.005163	0.006224	-1.8e-05
715	-0.000158	0.001281	0.00443	0.001881	0.003975	0.002928	0.002928	2.025e-05	0.003306	0.001175	0.002405	0.00271	0.005105	0.006179	-2.26667e-05
716	-0.000171	0.001249	0.004425	0.001873	0.00398	0.002923	0.002923	2.075e-05	0.003272	0.001126	0.002374	0.002685	0.005041	0.00613	-8.66667e-06
717	-0.000191	0.001223	0.004383	0.001874	0.00393	0.002904	0.002904	6.499999999999999e-06	0.003215	0.001111	0.002353	0.002647	0.005	0.006094	1.06667e-05
718	-0.000186	0.001193	0.004372	0.00187	0.003913	0.002924	0.002924	1.45e-05	0.003231	0.001093	0.002358	0.002648	0.004985	0.006097	3.9e-05
719	-0.000183	0.001188	0.004345	0.001836	0.003898	0.002903	0.002903	2.025e-05	0.003247	0.001105	0.00234	0.002648	0.004971	0.006092	4.63333e-05
720	-0.00013	0.00118	0.00434	0.00184	0.003922	0.002923	0.002923	5.8e-05	0.003257	0.001092	0.002341	0.002643	0.00493	0.006087	6.76667e-05
721	-0.000147	0.001138	0.004293	0.001784	0.003862	0.002845	0.002845	3.3e-05	0.003208	0.001072	0.002302	0.002615	0.004859	0.006035	5.6e-05
722	-0.000104	0.001093	0.004285	0.001779	0.003857	0.002857	0.002857	4.425e-05	0.003176	0.001053	0.002322	0.002585	0.004843	0.006013	4.66667e-05
723	-0.000106	0.001076	0.004249	0.001735	0.003822	0.002824	0.002824	3.675e-05	0.003128	0.001024	0.002289	0.002523	0.004789	0.00595	4.86667e-05
724	-8.7e-05	0.001031	0.004249	0.001733	0.00381	0.002847	0.002847	3.5e-05	0.003063	0.000974	0.002255	0.002458	0.004736	0.005895	7.73333e-05
725	-9.8e-05	0.000995	0.004224	0.001703	0.003777	0.002783	0.002783	3.45e-05	0.003034	0.000974	0.002188	0.002443	0.004656	0.005845	0.000104
726	-0.0001	0.000954	0.004196	0.001688	0.003792	0.002773	0.002773	4.65e-05	0.003038	0.000986	0.002186	0.002442	0.004634	0.005859	8.43333e-05
727	-9.6e-05	0.000958	0.004125	0.001637	0.003766	0.002716	0.002716	6.175e-05	0.003054	0.000989	0.002152	0.002407	0.004581	0.005856	7.1e-05
728	-9.6e-05	0.000921	0.004059	0.001609	0.003739	0.0027	0.0027	6.35e-05	0.00301	0.000921	0.002124	0.00236	0.004504	0.005812	5.83333e-05
729	-7.5e-05	0.000893	0.004009	0.001587	0.003665	0.002678	0.002678	8.175e-05	0.002989	0.000882	0.002112	0.002355	0.004477	0.005798	7.53333e-05
730	-7.2e-05	0.000826	0.003971	0.001578	0.00361	0.002668	0.002668	8.375e-05	0.002958	0.000862	0.002123	0.00235	0.00444	0.005728	9.93333e-05
731	-0.000105	0.000762	0.003908	0.001546	0.003541	0.002633	0.002633	7.875e-05	0.002933	0.000883	0.002114	0.002334	0.004421	0.005696	0.00013
732	-0.000121	0.000664	0.003844	0.00147	0.003472	0.002567	0.002567	6.425e-05	0.002885	0.000871	0.002087	0.002277	0.00433	0.005606	0.000145667
733	-0.000121	0.000592	0.003763	0.001403	0.003445	0.00251	0.00251	6.2e-05	0.002829	0.00087	0.002063	0.002224	0.004251	0.005579	0.000158667
734	-0.00012	0.000495	0.003657	0.00128	0.003377	0.002479	0.002479	5.45e-05	0.002764	0.000813	0.00201	0.002152	0.004156	0.005499	0.000158
735	-0.000125	0.00046	0.003561	0.001252	0.003335	0.002461	0.002461	4.8e-05	0.002678	0.00077	0.001966	0.002087	0.004064	0.005425	0.000164667
736	-0.000145	0.000406	0.003516	0.001211	0.00327	0.002471	0.002471	4.075e-05	0.002628	0.000704	0.001886	0.002043	0.004016	0.005354	0.000160333
737	-0.000105	0.00042	0.003531	0.001272	0.003298	0.002468	0.002468	6.625e-05	0.0026	0.000698	0.001889	0.001993	0.003977	0.005311	0.000177667
738	-0.000152	0.000385	0.003506	0.001232	0.003268	0.002445	0.002445	5.925e-05	0.002611	0.000688	0.001853	0.001966	0.003931	0.005295	0.000207667
739	-0.000176	0.000379	0.003473	0.001249	0.003271	0.002418	0.002418	6.35e-05	0.002617	0.000707	0.001882	0.001959	0.003909	0.005309	0.000220333
740	-0.000205	0.000353	0.003448	0.001214	0.003227	0.002432	0.002432	3.75e-05	0.002607	0.000676	0.001869	0.001956	0.003863	0.005303	0.000198667
741	-0.000168	0.000393	0.003487	0.001261	0.003255	0.002458	0.002458	5.025e-05	0.002612	0.000712	0.001907	0.001958	0.003887	0.005312	0.000168333
742	-0.000143	0.000406	0.003512	0.00125	0.003268	0.002473	0.002473	5.05e-05	0.002659	0.000749	0.001937	0.001973	0.003913	0.005337	0.000146667
743	-0.000142	0.000453	0.003535	0.001287	0.003295	0.002471	0.002471	7.35e-05	0.002687	0.000806	0.001971	0.002022	0.003963	0.005375	0.000131
744	-0.000172	0.000434	0.003545	0.001296	0.003296	0.002481	0.002481	4.275e-05	0.002682	0.000755	0.001954	0.002026	0.003996	0.005341	0.000128
745	-0.000176	0.000471	0.003593	0.001359	0.003307	0.002497	0.002497	3.225e-05	0.00262	0.000698	0.00192	0.002017	0.003969	0.005293	0.000146667
746	-0.00017	0.000496	0.003648	0.001379	0.003328	0.002545	0.002545	3.999999999999999e-06	0.002598	0.000675	0.001915	0.002003	0.004008	0.00529	0.000156667
747	-0.000146	0.000559	0.003733	0.001432	0.003366	0.002613	0.002613	2.55e-05	0.002571	0.0007	0.001913	0.002017	0.004007	0.005319	0.000139
748	-0.000126	0.000606	0.003742	0.001453	0.00342	0.002673	0.002673	2.925e-05	0.002574	0.000745	0.001955	0.002057	0.004066	0.005367	0.000140333
749	-0.000165	0.000623	0.00375	0.001468	0.003435	0.00268	0.00268	1.0499999999999998e-05	0.002566	0.000751	0.001924	0.002061	0.00407	0.005385	0.000128667
750	-0.000162	0.000666	0.003755	0.001488	0.003476	0.002701	0.002701	6e-06	0.002573	0.000748	0.001941	0.002078	0.004097	0.005422	0.000141
751	-0.000167	0.000708	0.003834	0.001502	0.003483	0.002734	0.002734	7.5e-06	0.002618	0.00075	0.001951	0.002084	0.004157	0.005461	9.03333e-05
752	-0.000119	0.000748	0.003896	0.00155	0.003516	0.002796	0.002796	3.85e-05	0.002656	0.000764	0.002032	0.002131	0.004183	0.005509	9.56667e-05
753	-0.000131	0.000764	0.003946	0.001573	0.003528	0.002833	0.002833	1.725e-05	0.002681	0.000769	0.002048	0.002145	0.004206	0.005525	5.96667e-05
754	-0.000133	0.000795	0.003979	0.001629	0.003573	0.002858	0.002858	1.8e-05	0.002669	0.000755	0.002064	0.002177	0.004214	0.00554	7.23333e-05
755	-0.000167	0.000841	0.004019	0.001643	0.003606	0.002868	0.002868	-1.0250000000000002e-05	0.002659	0.000719	0.002028	0.002147	0.004257	0.005528	5.13333e-05
756	-0.000142	0.000913	0.004087	0.001674	0.003673	0.002896	0.002896	1.8000000000000004e-05	0.002669	0.000715	0.002042	0.002154	0.004283	0.005544	5.9e-05
757	-0.000164	0.00096	0.004127	0.001647	0.003695	0.00292	0.00292	-1.35e-05	0.002655	0.000706	0.002053	0.002131	0.004267	0.005574	4.9e-05
758	-0.00015	0.001016	0.004188	0.001693	0.00374	0.002964	0.002964	3.0000000000000018e-06	0.002633	0.000728	0.002076	0.002134	0.00428	0.005589	5.13333e-05
759	-0.000189	0.001052	0.004225	0.001706	0.00377	0.002987	0.002987	-1.6000000000000003e-05	0.00263	0.000755	0.002099	0.002162	0.004304	0.005633	4.8e-05
760	-0.000184	0.001086	0.004287	0.001774	0.003804	0.00304	0.00304	1.425e-05	0.002651	0.000786	0.002103	0.0022	0.004363	0.005649	2.9e-05
761	-0.000188	0.001113	0.004311	0.001776	0.003833	0.003055	0.003055	-5.499999999999998e-06	0.002695	0.000818	0.002138	0.002274	0.004395	0.005689	1.66667e-06
762	-0.000155	0.001153	0.00434	0.001828	0.003847	0.003097	0.003097	9.5e-06	0.002712	0.00083	0.002167	0.002287	0.004439	0.005698	9.33333e-06
763	-0.000119	0.001178	0.00437	0.001839	0.003877	0.003123	0.003123	8.75e-06	0.002712	0.000832	0.002209	0.002301	0.004499	0.005735	-6.66667e-06
764	-9.4e-05	0.001227	0.004413	0.001874	0.003898	0.003164	0.003164	3.15e-05	0.002687	0.000809	0.002241	0.002281	0.004521	0.005769	1.6e-05
765	-0.00012	0.001248	0.004437	0.001893	0.003912	0.003152	0.003152	2.3e-05	0.002695	0.000819	0.002261	0.002307	0.004559	0.005804	-9.33333e-06
766	-0.000158	0.00129	0.004453	0.001913	0.00392	0.003152	0.003152	7.25e-06	0.002705	0.000808	0.002259	0.002323	0.004557	0.005781	-8e-06
767	-0.000154	0.001322	0.004481	0.001953	0.003964	0.003188	0.003188	7e-06	0.002723	0.00084	0.00225	0.002336	0.004564	0.005779	-3.73333e-05
768	-0.000151	0.001354	0.004536	0.001962	0.003996	0.003241	0.003241	-7.250000000000001e-06	0.002704	0.000827	0.002251	0.002323	0.004574	0.005772	-4.7e-05
769	-0.000139	0.001408	0.004587	0.001992	0.004037	0.003302	0.003302	-1.1e-05	0.00267	0.000829	0.00223	0.002302	0.00454	0.005753	-4.5e-05
770	-0.00016	0.001471	0.004642	0.002002	0.004044	0.003316	0.003316	-2.6e-05	0.002684	0.000825	0.002251	0.002312	0.004616	0.005778	-5e-05
771	-0.000115	0.001543	0.004693	0.002057	0.004091	0.00337	0.00337	-5.5000000000000016e-06	0.002668	0.000819	0.002254	0.002317	0.00462	0.005773	-3.43333e-05
772	-0.000108	0.001591	0.004729	0.002092	0.004127	0.00338	0.00338	1.25e-05	0.002697	0.000834	0.002288	0.002341	0.004676	0.005823	-4.66667e-05
773	-0.000137	0.001629	0.004748	0.002159	0.004147	0.003407	0.003407	2.775e-05	0.002692	0.000845	0.00227	0.002375	0.004659	0.005827	-6.26667e-05
774	-0.000201	0.00167	0.004747	0.002153	0.004173	0.003385	0.003385	3.5000000000000004e-06	0.002718	0.000861	0.002262	0.00242	0.004694	0.005845	-0.000105
775	-0.000192	0.001692	0.004755	0.002174	0.004193	0.003368	0.003368	-1.2e-05	0.002753	0.000893	0.002275	0.002451	0.004724	0.005849	-0.000141
776	-0.00016	0.001701	0.004778	0.002153	0.004259	0.003376	0.003376	-2.4e-05	0.002744	0.000868	0.002262	0.002443	0.004735	0.005832	-0.000135
777	-0.000173	0.001687	0.004776	0.002157	0.004261	0.003386	0.003386	-3.05e-05	0.00274	0.000871	0.002251	0.002425	0.004727	0.005861	-0.000124333
778	-0.00019	0.001732	0.00485	0.002165	0.004298	0.003421	0.003421	-2.725e-05	0.002715	0.000844	0.002256	0.002417	0.004748	0.005847	-9.63333e-05
779	-0.000207	0.001772	0.004883	0.00218	0.004281	0.003429	0.003429	-3.275e-05	0.002734	0.00085	0.00229	0.002431	0.004766	0.005882	-0.00011
780	-0.000179	0.001861	0.004984	0.002243	0.004338	0.003472	0.003472	-9.5e-06	0.002746	0.000861	0.002308	0.002461	0.004789	0.00588	-0.000126333
781	-0.000196	0.00187	0.004974	0.002267	0.004347	0.003493	0.003493	-1.35e-05	0.002757	0.00088	0.002315	0.002483	0.004785	0.005933	-0.000154333
782	-0.000208	0.001919	0.005013	0.002294	0.004382	0.00353	0.00353	-1.2e-05	0.002747	0.000916	0.002328	0.002479	0.004806	0.00593	-0.000142667
783	-0.000216	0.001897	0.004949	0.002269	0.004345	0.003537	0.003537	-4.3e-05	0.002747	0.000893	0.002311	0.002437	0.004809	0.0059	-0.000156333
784	-0.000222	0.001905	0.004928	0.002235	0.00432	0.003529	0.003529	-6.175e-05	0.002721	0.000854	0.002301	0.002403	0.0048	0.005858	-0.000148333
785	-0.00022	0.001885	0.004888	0.002248	0.004318	0.003527	0.003527	-6.95e-05	0.00273	0.000842	0.002329	0.002422	0.004823	0.005868	-0.000169667
786	-0.000233	0.001908	0.004928	0.00227	0.00434	0.003509	0.003509	-4.85e-05	0.002742	0.000878	0.002398	0.002457	0.004866	0.005907	-0.000160333
787	-0.00023	0.001933	0.004944	0.002312	0.004374	0.003524	0.003524	-3.975e-05	0.00277	0.000897	0.002438	0.00247	0.004934	0.005952	-0.000183667
788	-0.000237	0.001946	0.00499	0.002329	0.004392	0.003514	0.003514	-5.275e-05	0.00276	0.000881	0.002424	0.002448	0.004932	0.005951	-0.000195333
789	-0.000273	0.001902	0.004969	0.0023	0.004382	0.003512	0.003512	-9.9e-05	0.002725	0.000845	0.00238	0.002412	0.004904	0.005925	-0.000201
790	-0.000277	0.001915	0.004999	0.002323	0.004399	0.003534	0.003534	-0.000105	0.002719	0.000818	0.002357	0.002402	0.004874	0.005901	-0.000216667
791	-0.000297	0.001892	0.004968	0.002285	0.004376	0.003524	0.003524	-0.00012025	0.002703	0.000816	0.002351	0.002384	0.00485	0.005888	-0.000172
792	-0.00028	0.001922	0.004959	0.002307	0.004379	0.003524	0.003524	-0.00010725	0.002686	0.000812	0.002356	0.002391	0.004864	0.00591	-0.000167
793	-0.000252	0.001944	0.004977	0.002332	0.004416	0.003558	0.003558	-7.225e-05	0.002644	0.000826	0.002373	0.002391	0.004879	0.005917	-0.000135
794	-0.000226	0.001971	0.00501	0.002362	0.004465	0.003581	0.003581	-5.525e-05	0.002621	0.000812	0.002348	0.002369	0.004883	0.00589	-0.000197333
795	-0.000216	0.001965	0.005034	0.002372	0.004489	0.003612	0.003612	-5.3e-05	0.00264	0.000809	0.002338	0.002366	0.004862	0.005876	-0.000216
796	-0.000252	0.001935	0.005013	0.002365	0.004467	0.003567	0.003567	-9.65e-05	0.002635	0.00078	0.002283	0.002343	0.004828	0.005847	-0.000231333
797	-0.000268	0.001899	0.004975	0.002356	0.004477	0.003597	0.003597	-9.85e-05	0.002654	0.000798	0.002324	0.002371	0.004851	0.005896	-0.000229333
798	-0.000256	0.001906	0.004958	0.002373	0.004475	0.003615	0.003615	-8.975e-05	0.002625	0.000784	0.002337	0.002354	0.004885	0.00589	-0.000222667
799	-0.000244	0.001897	0.004944	0.002372	0.004494	0.003678	0.003678	-8.15e-05	0.002624	0.000808	0.002346	0.002366	0.004884	0.005911	-0.000224
800	-0.000234	0.00192	0.004949	0.002398	0.004489	0.003702	0.003702	-8.35e-05	0.002597	0.000793	0.002304	0.002361	0.004852	0.005892	-0.000212
